# WWW History 2.4
# DAILY COUNTERS for summary period 1-29 Feb 2008
DAY 01/02/2008:	    227     195       5      37      37 2661624
DAY 02/02/2008:	    119      88      11      34      30 1173082
DAY 03/02/2008:	    222     182      10      36      28 17835436
DAY 04/02/2008:	    243     195      25      48      44 5227769
DAY 05/02/2008:	    369     279       5      46      69 17398464
DAY 06/02/2008:	    189     170       1      39      36 2775972
DAY 07/02/2008:	    320     268      25      54      48 3510090
DAY 08/02/2008:	    155     131       4      23      25 3077392
DAY 09/02/2008:	    229     173      38      32      29 11676131
DAY 10/02/2008:	    244     145       5      26      35 4431148
DAY 11/02/2008:	    437     350      57      40     235 13767324
DAY 12/02/2008:	    469     332      65      45     140 15028032
DAY 13/02/2008:	    361     285      11      38      72 27081280
DAY 14/02/2008:	    317     285      14      41      56 4150649
DAY 15/02/2008:	    252     206      10      37      52 11110644
DAY 16/02/2008:	    199     157      23      29      29 32531242
DAY 17/02/2008:	    746      81       7      23      41 9989774
DAY 18/02/2008:	    256     204      18      29      58 11096758
DAY 19/02/2008:	    244     207       9      44      49 4063337
DAY 20/02/2008:	    301     250      23      41      38 11173474
DAY 21/02/2008:	    192     138      26      38      45 4390833
DAY 22/02/2008:	    269     226       9      35      47 10962172
DAY 23/02/2008:	    154     136       4      19      26 9100141
DAY 24/02/2008:	    114      78       5      14      36 5271233
DAY 25/02/2008:	    289     240      19      50      43 11171525
DAY 26/02/2008:	    334     271      20      51      54 19513894
DAY 27/02/2008:	    593     453      23      75      83 19295612
DAY 28/02/2008:	    185     153       9      34      46 2797247
CUR 29/02/2008:	      8       6       1       1       1 49012
checksum	   8037    5884     482    1059    1532 292311904

# MONTHLY COUNTERS for the last 12 months
LASTMON: 02/2008
MON 01/2008:	   7063    5721     351    1019    1068 265284272
MON 02/2007:	   2928    2096     108     487     516 187537792
MON 03/2007:	   5115    3397     260     745     834 267796512
MON 04/2007:	   7085    5508     314     938    1008 335933376
MON 05/2007:	   6045    4726     264     843    1103 340150176
MON 06/2007:	   6254    4563     519     892    1296 409996992
MON 07/2007:	   7212    5814     427    1003    1273 508835200
MON 08/2007:	   6518    5268     361     902    1071 338906240
MON 09/2007:	   5697    4641     289     759     915 341811648
MON 10/2007:	  10627    8184    1426    1090    2361 375619232
MON 11/2007:	   6858    5623     406     823    1561 361880640
MON 12/2007:	   6022    4950     337     830    1091 357889920
checksum	  77424   60491    5062   10331   14097 4091641984

