# WWW History 2.4
# DAILY COUNTERS for summary period 1-30 Apr 2007
DAY 01/04/2007:	    193     131      21      33      35 23015912
DAY 02/04/2007:	    316     191      18      32      35 10912673
DAY 03/04/2007:	    222     198       2      27      34 11730748
DAY 04/04/2007:	    201     153      20      39      25 26740086
DAY 05/04/2007:	    126      82      12      22      25 14387035
DAY 06/04/2007:	    142     115       0      18      17 14188513
DAY 07/04/2007:	    126      95       7      14      29 3284795
DAY 08/04/2007:	    146      94       3      34      27 2927218
DAY 09/04/2007:	    277     246       1      27      38 7315391
DAY 10/04/2007:	    326     259      11      47      39 4983756
DAY 11/04/2007:	    213     175       2      28      34 2744645
DAY 12/04/2007:	    202     164       2      27      41 14900579
DAY 13/04/2007:	    259     222       4      45      35 6096298
DAY 14/04/2007:	    279     217      12      30      33 6565260
DAY 15/04/2007:	    174     135       5      20      32 7600494
DAY 16/04/2007:	    246     188      21      45      69 5297126
DAY 17/04/2007:	    225     194       7      25      27 6258238
DAY 18/04/2007:	    169     142       2      26      40 5519892
DAY 19/04/2007:	    258     164      12      30      47 18399672
DAY 20/04/2007:	    286     236      13      35      34 16055082
DAY 21/04/2007:	    226     150       9      30      32 12890286
DAY 22/04/2007:	    217     175       4      22      37 8280207
DAY 23/04/2007:	    356     281      27      40      34 14969145
DAY 24/04/2007:	    452     300      64      57      32 15877339
DAY 25/04/2007:	    263     195       0      31      28 12541665
DAY 26/04/2007:	    242     199       5      33      42 11906946
DAY 27/04/2007:	    224     190       6      37      28 17137984
DAY 28/04/2007:	    190     168       1      16      21 12051074
DAY 29/04/2007:	    272     239       1      33      25 14116146
CUR 30/04/2007:	     24      23       0       2       2 1871981
checksum	   6852    5321     292     905     977 330566848

# MONTHLY COUNTERS for the last 12 months
LASTMON: 04/2007
MON 01/2007:	   3296    2242     223     611     695 227272928
MON 02/2007:	   2928    2096     108     487     516 187537792
MON 03/2007:	   5115    3397     260     745     834 267796512
MON 04/2006:	   3692    2821     435     503     453 19391052
MON 05/2006:	   2966    2319     255     441     477 20278740
MON 06/2006:	   3840    2978     312     636     535 32442848
MON 07/2006:	   3432    2491     267     438     480 17567004
MON 08/2006:	   3701    2807     351     597     423 39267152
MON 09/2006:	   5384    3970     655     806    1289 144089200
MON 10/2006:	   4552    3463     175     778     617 143016080
MON 11/2006:	   3922    3005     217     670     602 160107600
MON 12/2006:	   4368    3110     400     711     751 291001248
checksum	  47196   34699    3658    7423    7672 1549768224

