# WWW History 2.4
# DAILY COUNTERS for summary period 1-22 Apr 2005
DAY 01/04/2005:	     68      43      11      32      22 636238
DAY 02/04/2005:	    120      48       7       6       8 371196
DAY 03/04/2005:	     37      25       2       7      12 141670
DAY 04/04/2005:	    141     126       0      22      29 797443
DAY 05/04/2005:	    801     713      66      34     405 8881500
DAY 06/04/2005:	    806     628     156      21     440 8700689
DAY 07/04/2005:	    287     203      72      11     126 2315076
DAY 08/04/2005:	    111      76      22      12      47 698245
DAY 09/04/2005:	     66      53       9       3      22 435643
DAY 10/04/2005:	     40      27       8       6      17 240362
DAY 11/04/2005:	    222     174      27      50      57 1713414
DAY 12/04/2005:	    137     123       7      14      26 824339
DAY 13/04/2005:	     72      45      10       9      25 481180
DAY 14/04/2005:	     69      62       4      11      17 479159
DAY 15/04/2005:	     12       9       1       3       8 129844
DAY 16/04/2005:	     49      48       0       3       6 441737
DAY 17/04/2005:	     10       3       2       3       6 25490
DAY 18/04/2005:	     94      78       9      13      18 465720
DAY 19/04/2005:	     96      85       4      11      14 533934
DAY 20/04/2005:	    196     176       4      38      29 2653188
DAY 21/04/2005:	     90      80       5      11      17 611847
CUR 22/04/2005:	      0       0       0       0       0 0
checksum	   3524    2825     426     320    1351 31578430

# MONTHLY COUNTERS for the last 12 months
LASTMON: 04/2005
MON 01/2005:	   3028    1489      29     718     242 21442044
MON 02/2005:	   7071    5147    1237     662     956 33868132
MON 03/2005:	   4791    3841     530     669     724 24065214
MON 04/2004:	   4580    2161    2136     662      77 17454910
MON 05/2004:	    860     756      72     137     102 4059782
MON 06/2004:	   5168    4378     706     486    1387 36222584
MON 07/2004:	   1621    1330     193     257     324 10325291
MON 08/2004:	   1877    1550     156     420     306 11860578
MON 09/2004:	   4505    3441     574     875     591 29162940
MON 10/2004:	   2544    2079     155     578     295 19956848
MON 11/2004:	   1415    1140     141     299     195 9045687
MON 12/2004:	   3937    1748     101    1012     263 29484112
checksum	  41397   29060    6030    6775    5462 246948128

