# WWW History 2.4
# DAILY COUNTERS for summary period 1-30 Sep 2008
DAY 01/09/2008:	    162     128      16      21      24 2753013
DAY 02/09/2008:	    241     209       6      20      30 15659917
DAY 03/09/2008:	    372     305      11      45      36 13063868
DAY 04/09/2008:	    180     133       7      27      33 10376398
DAY 05/09/2008:	    279     231      15      31      25 68159512
DAY 06/09/2008:	    277     217      28      42      28 7122599
DAY 07/09/2008:	    247     196      11      26      44 8084292
DAY 08/09/2008:	    266     207      16      30      62 25351316
DAY 09/09/2008:	    205     164       5      21      43 6201151
DAY 10/09/2008:	    215     173       6      25      38 27853374
DAY 11/09/2008:	    278     226      21      26      33 12590467
DAY 12/09/2008:	    296     243       3      42      43 48536780
DAY 13/09/2008:	    215     167      16      27      31 6815177
DAY 14/09/2008:	   3550     137       2      33      41 14199608
DAY 15/09/2008:	    288     247       3      29      38 48710160
DAY 16/09/2008:	    420     340       2      53      47 57487744
DAY 17/09/2008:	    389     331       5      58      43 21392524
DAY 18/09/2008:	    307     258       4      34      48 24254232
DAY 19/09/2008:	    413     342      27      40      42 14448173
DAY 20/09/2008:	    243     180      22      47      42 10718301
DAY 21/09/2008:	    150     125       3      19      22 8733072
DAY 22/09/2008:	    344     249      43      29      46 172034560
DAY 23/09/2008:	    119      78       7      20      33 6526816
DAY 24/09/2008:	    247     214       5      25      38 8005752
DAY 25/09/2008:	    168     140       0      18      28 3357223
DAY 26/09/2008:	    252     201       8      25      58 7844401
DAY 27/09/2008:	    218     192       2      26      52 3785594
DAY 28/09/2008:	    275     194       9      41      44 12343249
DAY 29/09/2008:	    250     191      28      25      49 43211012
CUR 30/09/2008:	     55      30      23       3       3 809213
checksum	  10921    6048     354     908    1144 710409408

# MONTHLY COUNTERS for the last 12 months
LASTMON: 09/2008
MON 01/2008:	   7063    5721     351    1019    1068 265284272
MON 02/2008:	   8269    6079     486    1115    1587 298924032
MON 03/2008:	   7347    5771     435    1160    1477 294708128
MON 04/2008:	   7211    5179     372     967    1036 319414624
MON 05/2008:	   5578    3910     550     842     949 445832480
MON 06/2008:	   6708    5315     398    1280    1053 446930016
MON 07/2008:	  11574    8555    1024    1586    1873 495077632
MON 08/2008:	   9017    6883     663    1257    1309 1520023424
MON 09/2007:	   5697    4641     289     759     915 341811648
MON 10/2007:	  10627    8184    1426    1090    2361 375619232
MON 11/2007:	   6858    5623     406     823    1561 361880640
MON 12/2007:	   6022    4950     337     830    1091 357889920
checksum	  91971   70811    6737   12728   16280 5523395968

