# WWW History 2.4
# DAILY COUNTERS for summary period 1-30 Sep 2005
DAY 01/09/2005:	    369     233     127      53      96 1142917
DAY 02/09/2005:	    219     163      29      29      34 987946
DAY 03/09/2005:	    129     104      22      16      46 419970
DAY 04/09/2005:	    115      93      19      27      31 490955
DAY 05/09/2005:	    134      94      28      36      30 960476
DAY 06/09/2005:	    177     129      44      11      27 585151
DAY 07/09/2005:	    164     122      40      13      17 617672
DAY 08/09/2005:	     83      65       5      18      19 404844
DAY 09/09/2005:	     48      38       3       9      11 159447
DAY 10/09/2005:	     91      64      14      33      24 819890
DAY 11/09/2005:	     62      57       0       5       5 317797
DAY 12/09/2005:	    118      69      46      11      14 312265
DAY 13/09/2005:	     96      79      11      11      21 389825
DAY 14/09/2005:	    152     141       0      24      11 882650
DAY 15/09/2005:	     97      73      17       9       8 375003
DAY 16/09/2005:	   1418    1003     373      70     188 5514655
DAY 17/09/2005:	    925     514     406      24     103 2303955
DAY 18/09/2005:	    472     270     185      18      62 1202463
DAY 19/09/2005:	    680     463     197      26      92 2188224
DAY 20/09/2005:	    306     137     153      20      52 784842
DAY 21/09/2005:	    218     162      50      10      38 715179
DAY 22/09/2005:	    172      66     103      16      17 371855
DAY 23/09/2005:	     44      17      24      10      13 94951
DAY 24/09/2005:	    478     129     322      29      22 924347
DAY 25/09/2005:	     94      55      35       7      22 256553
DAY 26/09/2005:	    321     189      80      51      35 1500163
DAY 27/09/2005:	    219     166      44      29      36 1148499
DAY 28/09/2005:	     95      81       0      10      18 508842
DAY 29/09/2005:	    342     125      34      15      21 682226
CUR 30/09/2005:	      3       0       3       0       1 0
checksum	   7841    4901    2414     640    1114 27063870

# MONTHLY COUNTERS for the last 12 months
LASTMON: 09/2005
MON 01/2005:	   3028    1489      29     718     242 21442044
MON 02/2005:	   7071    5147    1237     662     956 33868132
MON 03/2005:	   4791    3841     530     669     724 24065214
MON 04/2005:	   4425    3465     616     487    1469 37547208
MON 05/2005:	   2370    1912     122     426     411 14596330
MON 06/2005:	   2633    2072     139     651     358 20030014
MON 07/2005:	   2665    2206      60     479     428 13854283
MON 08/2005:	  11864    8125    3205     711    1415 40472532
MON 09/2004:	   4505    3441     574     875     591 29162940
MON 10/2004:	   2544    2079     155     578     295 19956848
MON 11/2004:	   1415    1140     141     299     195 9045687
MON 12/2004:	   3937    1748     101    1012     263 29484112
checksum	  51248   36665    6909    7567    7347 293525344

