# WWW History 2.4
# DAILY COUNTERS for summary period 1-31 Jul 2008
DAY 01/07/2008:	    242     188      13      46      40 5359268
DAY 02/07/2008:	    335     259       5      49      44 13816890
DAY 03/07/2008:	    473     323      10      85      53 22352496
DAY 04/07/2008:	    314     250       2      63      38 5140737
DAY 05/07/2008:	    211     143      33      51      43 2107634
DAY 06/07/2008:	    263     223       3      54      33 5309409
DAY 07/07/2008:	    229     201       2      39      35 28480640
DAY 08/07/2008:	    293     211      13      44      58 4977889
DAY 09/07/2008:	    380     300      34      53      58 6277531
DAY 10/07/2008:	    343     273       8      41      46 11244928
DAY 11/07/2008:	    261     197      14      51      45 3313558
DAY 12/07/2008:	    191     127      42      27      31 2208784
DAY 13/07/2008:	    196     164      10      49      35 8646058
DAY 14/07/2008:	    375     226      25      63      39 21221632
DAY 15/07/2008:	    808     581     121      68     162 41572264
DAY 16/07/2008:	    710     531      83      64     134 29840704
DAY 17/07/2008:	    725     581      52      78      72 46560096
DAY 18/07/2008:	    611     468     100      77      79 11781569
DAY 19/07/2008:	    375     243      49      45      63 23012756
DAY 20/07/2008:	    357     273      24      53      55 21971836
DAY 21/07/2008:	    349     268      39      33      63 12393445
DAY 22/07/2008:	    780     557      90      82     127 29013500
DAY 23/07/2008:	    344     235      52      40      61 11467997
DAY 24/07/2008:	    421     370      11      53     117 42604568
DAY 25/07/2008:	    531     263      81      53      54 34308136
DAY 26/07/2008:	    200     137      12      31      61 5091250
DAY 27/07/2008:	    249     191      22      51      45 13541502
DAY 28/07/2008:	    167     132      17      29      34 3384677
DAY 29/07/2008:	    315     256      16      42      60 12818550
DAY 30/07/2008:	    301     207      34      35      49 5196024
CUR 31/07/2008:	      2       2       0       1       2 44736
checksum	  11351    8380    1017    1550    1836 485057856

# MONTHLY COUNTERS for the last 12 months
LASTMON: 07/2008
MON 01/2008:	   7063    5721     351    1019    1068 265284272
MON 02/2008:	   8269    6079     486    1115    1587 298924032
MON 03/2008:	   7347    5771     435    1160    1477 294708128
MON 04/2008:	   7211    5179     372     967    1036 319414624
MON 05/2008:	   5578    3910     550     842     949 445832480
MON 06/2008:	   6708    5315     398    1280    1053 446930016
MON 07/2007:	   7212    5814     427    1003    1273 508835200
MON 08/2007:	   6518    5268     361     902    1071 338906240
MON 09/2007:	   5697    4641     289     759     915 341811648
MON 10/2007:	  10627    8184    1426    1090    2361 375619232
MON 11/2007:	   6858    5623     406     823    1561 361880640
MON 12/2007:	   6022    4950     337     830    1091 357889920
checksum	  85110   66455    5838   11790   15442 4356036736

