# WWW History 2.4
# DAILY COUNTERS for summary period 1-19 Oct 2004
DAY 01/10/2004:	     28      21       7       2       3 113185
DAY 02/10/2004:	     99      89       0      34      27 899194
DAY 03/10/2004:	     37      36       0       8       3 233136
DAY 04/10/2004:	     29      26       0       2       6 96693
DAY 05/10/2004:	     46      36       0       7       8 266156
DAY 06/10/2004:	     19      19       0       1       2 112514
DAY 07/10/2004:	     52      42       0       5       5 754663
DAY 08/10/2004:	     93      55      18       7       9 993901
DAY 09/10/2004:	     15      11       0       3       4 613549
DAY 10/10/2004:	     38      22       0       3       4 216493
DAY 11/10/2004:	     47      32       0       3       4 195249
DAY 12/10/2004:	    224     192      18      23      16 1629182
DAY 13/10/2004:	    275     241      23      30      35 1308095
DAY 14/10/2004:	    149     123      19      15      28 652449
DAY 15/10/2004:	     80      68       6      34      19 880813
DAY 16/10/2004:	    100      59       1      57       8 1266598
DAY 17/10/2004:	      0       0       0       0       0 0
DAY 18/10/2004:	     65      43      18       9       6 215107
CUR 19/10/2004:	      3       3       0       1       1 15950
checksum	   1399    1118     110     244     188 10462927

# MONTHLY COUNTERS for the last 12 months
LASTMON: 10/2004
MON 01/2004:	      0       0       0       0       0 0
MON 02/2004:	      0       0       0       0       0 0
MON 03/2004:	   2749    1792     612    1133      28 23268960
MON 04/2004:	   4580    2161    2136     662      77 17454910
MON 05/2004:	    860     756      72     137     102 4059782
MON 06/2004:	   5168    4378     706     486    1387 36222584
MON 07/2004:	   1621    1330     193     257     324 10325291
MON 08/2004:	   1877    1550     156     420     306 11860578
MON 09/2004:	   4505    3441     574     875     591 29162940
MON 10/2003:	      0       0       0       0       0 0
MON 11/2003:	      0       0       0       0       0 0
MON 12/2003:	      0       0       0       0       0 0
checksum	  21360   15408    4449    3970    2815 132355040

