# WWW History 2.4
# DAILY COUNTERS for summary period 1-27 Oct 2007
DAY 01/10/2007:	    250     229       1      34      42 5507490
DAY 02/10/2007:	    231     190      20      31      44 7002259
DAY 03/10/2007:	    330     282       6      38      47 12745396
DAY 04/10/2007:	    341     303       9      44      44 8151386
DAY 05/10/2007:	    279     188      38      34      44 23300684
DAY 06/10/2007:	    455     273     163      53      81 17040556
DAY 07/10/2007:	    204     150      39      27      81 5594394
DAY 08/10/2007:	    409     266      53      32      77 13969498
DAY 09/10/2007:	    434     279      64      49      43 9905390
DAY 10/10/2007:	    239     187      32      26      47 9845930
DAY 11/10/2007:	    384     310      28      46      44 14181302
DAY 12/10/2007:	    274     245      10      29      39 7676056
DAY 13/10/2007:	    153     125       9      23      53 8406196
DAY 14/10/2007:	    172     137      17      12      20 9208779
DAY 15/10/2007:	   1269     950     271      74     506 14609975
DAY 16/10/2007:	    399     328      47      33     102 7668933
DAY 17/10/2007:	    349     299      14      52      77 22239242
DAY 18/10/2007:	    310     249      29      40      59 19857188
DAY 19/10/2007:	    343     298      26      44      71 9288992
DAY 20/10/2007:	    267     204      34      30      42 22568648
DAY 21/10/2007:	    221     143      60      23      37 5698671
DAY 22/10/2007:	    373     281      55      47      44 22916194
DAY 23/10/2007:	    271     216      34      24      40 13750439
DAY 24/10/2007:	    364     279      56      33      70 14982890
DAY 25/10/2007:	    487     345     118      36     222 14549867
DAY 26/10/2007:	    484     296      93      44     105 7340895
CUR 27/10/2007:	     33      29       2       2       4 1333336
checksum	   9325    7081    1328     960    2085 329342752

# MONTHLY COUNTERS for the last 12 months
LASTMON: 10/2007
MON 01/2007:	   3296    2242     223     611     695 227272928
MON 02/2007:	   2928    2096     108     487     516 187537792
MON 03/2007:	   5115    3397     260     745     834 267796512
MON 04/2007:	   7085    5508     314     938    1008 335933376
MON 05/2007:	   6045    4726     264     843    1103 340150176
MON 06/2007:	   6254    4563     519     892    1296 409996992
MON 07/2007:	   7212    5814     427    1003    1273 508835200
MON 08/2007:	   6518    5268     361     902    1071 338906240
MON 09/2007:	   5697    4641     289     759     915 341811648
MON 10/2006:	   4552    3463     175     778     617 143016080
MON 11/2006:	   3922    3005     217     670     602 160107600
MON 12/2006:	   4368    3110     400     711     751 291001248
checksum	  62992   47833    3557    9339   10681 3552365728

