# WWW History 2.4
# DAILY COUNTERS for summary period 1-30 Sep 2006
DAY 01/09/2006:	    176      94      42      28      19 1498073
DAY 02/09/2006:	    104      76      16      21      17 718960
DAY 03/09/2006:	     97      83       0      16      12 738057
DAY 04/09/2006:	    256     192      32      37      26 21569028
DAY 05/09/2006:	    263     187      29      39      26 6764171
DAY 06/09/2006:	    134      81      22      32      18 841711
DAY 07/09/2006:	    194     147      20      36      71 2699344
DAY 08/09/2006:	    298     248      26      37     102 4703381
DAY 09/09/2006:	    174     130      19      35      46 11598002
DAY 10/09/2006:	    175     135       9      29      55 2639765
DAY 11/09/2006:	    366     297      34      43     119 7578815
DAY 12/09/2006:	    497     410      31      51     170 10301559
DAY 13/09/2006:	    487     376      48      45     157 9359347
DAY 14/09/2006:	    193     129      51      20      75 2727785
DAY 15/09/2006:	    238     168      46      38      41 2394780
DAY 16/09/2006:	     77      57      10      14      21 736478
DAY 17/09/2006:	    140      86      12      17      24 949934
DAY 18/09/2006:	     65      46      12      12      36 713329
DAY 19/09/2006:	     73      61       6      12      21 646285
DAY 20/09/2006:	    148     113      18      23      18 964072
DAY 21/09/2006:	     77      49      14      21      26 579104
DAY 22/09/2006:	    168     122      14      30      23 21764144
DAY 23/09/2006:	    107      69      14      16      21 8989062
DAY 24/09/2006:	    100      83       4      19      18 8293994
DAY 25/09/2006:	    206     167      16      37      26 2460718
DAY 26/09/2006:	    146      84      35      27      21 3650290
DAY 27/09/2006:	     49      25       9       9      19 285316
DAY 28/09/2006:	    135      68      50      23      16 708756
DAY 29/09/2006:	    187     140      15      26      22 6731579
CUR 30/09/2006:	      0       0       0       0       0 0
checksum	   5330    3923     654     793    1266 143604848

# MONTHLY COUNTERS for the last 12 months
LASTMON: 09/2006
MON 01/2006:	   9615    5764    1974    1428     641 64985204
MON 02/2006:	   8815    5583    1546    1535     623 60695940
MON 03/2006:	   8359    5126    1852    1330     680 53741940
MON 04/2006:	   3692    2821     435     503     453 19391052
MON 05/2006:	   2966    2319     255     441     477 20278740
MON 06/2006:	   3840    2978     312     636     535 32442848
MON 07/2006:	   3432    2491     267     438     480 17567004
MON 08/2006:	   3701    2807     351     597     423 39267152
MON 09/2005:	   8139    5026    2440     672    1132 28169798
MON 10/2005:	  26105   12128   11866    2599    1207 135049984
MON 11/2005:	   8996    5579    2594    1182     616 92994896
MON 12/2005:	   5297    3114    1100     829     386 61236324
checksum	  92957   55736   24992   12190    7653 625820836

