# WWW History 2.4
# DAILY COUNTERS for summary period 1-31 Jan 2006
DAY 01/01/2006:	    137      99      19      18      34 603185
DAY 02/01/2006:	    394     182     185      35      13 1652440
DAY 03/01/2006:	    277     245      22      28      17 1925969
DAY 04/01/2006:	    413     336      32      59      21 3668851
DAY 05/01/2006:	    474     261     200      39      18 2717259
DAY 06/01/2006:	    210     128      63      43      21 1104299
DAY 07/01/2006:	    326     135      16      65       9 2643153
DAY 08/01/2006:	    251     102      63      46      16 1327999
DAY 09/01/2006:	    309     133     119      36      20 1370348
DAY 10/01/2006:	    180     147       0      27      10 1371826
DAY 11/01/2006:	    422     284      82      65      37 3081692
DAY 12/01/2006:	    234     165      32      56      29 2356537
DAY 13/01/2006:	    244     140      67      25      11 1224961
DAY 14/01/2006:	    194     120       7      35      12 1540628
DAY 15/01/2006:	    331     238      25      45      23 2554705
DAY 16/01/2006:	    479     241     151      37      20 2298053
DAY 17/01/2006:	    216      94      23      48      37 1308125
DAY 18/01/2006:	    344     257      19      33      16 2532733
DAY 19/01/2006:	    172      94       0      21      11 789165
DAY 20/01/2006:	    190     133      23      29       9 1503059
DAY 21/01/2006:	    274     146      34      63      15 2579060
DAY 22/01/2006:	    219     179       0      33      25 1901049
DAY 23/01/2006:	    908     563     192     121      49 6577865
DAY 24/01/2006:	    329     195      82      48      29 1840898
DAY 25/01/2006:	    340     201     108      34      43 1997684
DAY 26/01/2006:	    493     318      92      83      20 4040723
DAY 27/01/2006:	    178     100      37      36      23 1178396
DAY 28/01/2006:	    217      91      49      34      10 1037339
DAY 29/01/2006:	    289     171      48      77      10 2513133
DAY 30/01/2006:	    280      93     142      50      17 1212253
CUR 31/01/2006:	      2       1       0       1       0 34847
checksum	   9326    5592    1932    1370     625 62487644

# MONTHLY COUNTERS for the last 12 months
LASTMON: 01/2006
MON 01/2005:	   3028    1489      29     718     242 21442044
MON 02/2005:	   7071    5147    1237     662     956 33868132
MON 03/2005:	   4791    3841     530     669     724 24065214
MON 04/2005:	   4425    3465     616     487    1469 37547208
MON 05/2005:	   2370    1912     122     426     411 14596330
MON 06/2005:	   2633    2072     139     651     358 20030014
MON 07/2005:	   2665    2206      60     479     428 13854283
MON 08/2005:	  11864    8125    3205     711    1415 40472532
MON 09/2005:	   8139    5026    2440     672    1132 28169798
MON 10/2005:	  26105   12128   11866    2599    1207 135049984
MON 11/2005:	   8996    5579    2594    1182     616 92994896
MON 12/2005:	   5297    3114    1100     829     386 61236324
checksum	  87384   54104   23938   10085    9344 523326756

