# WWW History 2.4
# DAILY COUNTERS for summary period 1-31 Dec 2006
DAY 01/12/2006:	     75      56       3      15      15 1456104
DAY 02/12/2006:	     95      75       2      31      24 6066454
DAY 03/12/2006:	     98      69       5      18      22 12080863
DAY 04/12/2006:	    227     122      55      34      21 9047791
DAY 05/12/2006:	     81      62       1      13      15 4858095
DAY 06/12/2006:	    217     140      45      23      21 10256528
DAY 07/12/2006:	    126      81       5      27      23 35693852
DAY 08/12/2006:	    190     147      17      34      30 8188921
DAY 09/12/2006:	     84      67       1      12      16 3721648
DAY 10/12/2006:	    154     119       4      25      40 19350180
DAY 11/12/2006:	    160     113       9      36      25 15801173
DAY 12/12/2006:	    205     155       8      39      27 21558992
DAY 13/12/2006:	    156     130       1      19      22 4737991
DAY 14/12/2006:	    129     104       9      22      23 5660932
DAY 15/12/2006:	    262     162      22      40      47 5528191
DAY 16/12/2006:	     67      48       2      13      15 824073
DAY 17/12/2006:	    170     124      13      17      47 24687428
DAY 18/12/2006:	    215     170      11      26      32 12444109
DAY 19/12/2006:	    405     321      48      50      35 8821580
DAY 20/12/2006:	    117      89       7      24      20 2687661
DAY 21/12/2006:	     66      39       3      13      18 976460
DAY 22/12/2006:	    146     113       8      20      22 8941952
DAY 23/12/2006:	     76      47       8      18      24 641284
DAY 24/12/2006:	     96      58      16      21      27 6901686
DAY 25/12/2006:	    129     102       4      31      30 15896653
DAY 26/12/2006:	    133     105       7      22      20 3966976
DAY 27/12/2006:	    231     118      68      27      26 23808272
DAY 28/12/2006:	     94      66       3      12      14 6446727
DAY 29/12/2006:	     34      26       1       7      11 1209550
DAY 30/12/2006:	     44      27       5      10      14 162840
CUR 31/12/2006:	      0       0       0       0       0 0
checksum	   4282    3055     391     699     726 282425920

# MONTHLY COUNTERS for the last 12 months
LASTMON: 12/2006
MON 01/2006:	   9615    5764    1974    1428     641 64985204
MON 02/2006:	   8815    5583    1546    1535     623 60695940
MON 03/2006:	   8359    5126    1852    1330     680 53741940
MON 04/2006:	   3692    2821     435     503     453 19391052
MON 05/2006:	   2966    2319     255     441     477 20278740
MON 06/2006:	   3840    2978     312     636     535 32442848
MON 07/2006:	   3432    2491     267     438     480 17567004
MON 08/2006:	   3701    2807     351     597     423 39267152
MON 09/2006:	   5384    3970     655     806    1289 144089200
MON 10/2006:	   4552    3463     175     778     617 143016080
MON 11/2006:	   3922    3005     217     670     602 160107600
MON 12/2005:	   5297    3114    1100     829     386 61236324
checksum	  63575   43441    9139    9991    7206 816819044

