# WWW History 2.4
# DAILY COUNTERS for summary period 1-29 Oct 2006
DAY 01/10/2006:	     65      43       6      14      14 354238
DAY 02/10/2006:	     97      78       2      17      18 1449909
DAY 03/10/2006:	     45      31       0      15      16 251227
DAY 04/10/2006:	     94      83       0      15      11 740295
DAY 05/10/2006:	    120      92       9      24      15 832707
DAY 06/10/2006:	    109      79      22      24       9 729889
DAY 07/10/2006:	    130     103       3      32      19 978692
DAY 08/10/2006:	    235     150       1      33      18 7456435
DAY 09/10/2006:	    154     130       5      24      18 11198482
DAY 10/10/2006:	    177     159       0      26      17 6748138
DAY 11/10/2006:	    149     110       9      43      31 20996348
DAY 12/10/2006:	    239     203       8      36      27 10290807
DAY 13/10/2006:	    297     201       2      50      30 7702380
DAY 14/10/2006:	     74      54       1      25      14 451706
DAY 15/10/2006:	     71      47       8      20      12 4967551
DAY 16/10/2006:	    124      75      30      28      23 610610
DAY 17/10/2006:	    182     168       1      26      23 1386788
DAY 18/10/2006:	    243     199       1      32      33 1703609
DAY 19/10/2006:	    266     131       6      28      22 20610168
DAY 20/10/2006:	     69      52       8      27      16 455630
DAY 21/10/2006:	    281     172      24      44      29 6108396
DAY 22/10/2006:	     66      54       1      11      12 6486982
DAY 23/10/2006:	    193     158       2      28      25 3051985
DAY 24/10/2006:	    221     184       8      23      43 4480242
DAY 25/10/2006:	    115      95       0      19      18 879439
DAY 26/10/2006:	    127     110       1      21      18 4222439
DAY 27/10/2006:	    211     157      11      30      22 5965891
DAY 28/10/2006:	     86      75       2      19      20 2597576
CUR 29/10/2006:	      7       6       0       2       1 37910
checksum	   4247    3199     171     736     574 133745600

# MONTHLY COUNTERS for the last 12 months
LASTMON: 10/2006
MON 01/2006:	   9615    5764    1974    1428     641 64985204
MON 02/2006:	   8815    5583    1546    1535     623 60695940
MON 03/2006:	   8359    5126    1852    1330     680 53741940
MON 04/2006:	   3692    2821     435     503     453 19391052
MON 05/2006:	   2966    2319     255     441     477 20278740
MON 06/2006:	   3840    2978     312     636     535 32442848
MON 07/2006:	   3432    2491     267     438     480 17567004
MON 08/2006:	   3701    2807     351     597     423 39267152
MON 09/2006:	   5384    3970     655     806    1289 144089200
MON 10/2005:	  26105   12128   11866    2599    1207 135049984
MON 11/2005:	   8996    5579    2594    1182     616 92994896
MON 12/2005:	   5297    3114    1100     829     386 61236324
checksum	  90202   54680   23207   12324    7810 741740260

