# WWW History 2.4
# DAILY COUNTERS for summary period 1-30 Jun 2008
DAY 01/06/2008:	    132     109       8      26      25 25376232
DAY 02/06/2008:	     60      34       4      15      18 7563086
DAY 03/06/2008:	    114      92       3      30      26 13596822
DAY 04/06/2008:	     92      65       9      21      20 12413897
DAY 05/06/2008:	    152     118      10      29      25 3766581
DAY 06/06/2008:	    123      96       5      56      28 1845772
DAY 07/06/2008:	    115      85      16      49      25 3586756
DAY 08/06/2008:	    111      83       5      18      21 6763658
DAY 09/06/2008:	     91      67       2      19      37 3646946
DAY 10/06/2008:	     81      56       8      23      26 5746470
DAY 11/06/2008:	    237     172      16      38      26 35995140
DAY 12/06/2008:	    179     148       4      27      22 24261724
DAY 13/06/2008:	    197     127      24      34      31 4114024
DAY 14/06/2008:	    210     180       6      35      25 12543016
DAY 15/06/2008:	    264     217       3      35      24 50980380
DAY 16/06/2008:	    155     119       8      25      32 9571997
DAY 17/06/2008:	    119      98       3      38      27 2803017
DAY 18/06/2008:	     94      75       5      29      26 6337165
DAY 19/06/2008:	    145     110       5      30      27 9630805
DAY 20/06/2008:	    225     176      24      31      44 2894400
DAY 21/06/2008:	    233     189      10      39      37 5248995
DAY 22/06/2008:	    155     114       7      28      30 4434986
DAY 23/06/2008:	    141     111       7      31      32 9920740
DAY 24/06/2008:	    199     168       9      47      39 2263584
DAY 25/06/2008:	    198     136      33      38      38 8913521
DAY 26/06/2008:	    943     816      17     169      96 41420436
DAY 27/06/2008:	    695     578      42     108      78 28515644
DAY 28/06/2008:	    498     395      24      77      60 53769468
DAY 29/06/2008:	    347     240      60      50      45 25790570
CUR 30/06/2008:	     42      33       6       8       4 529433
checksum	   6347    5007     383    1203     994 424246560

# MONTHLY COUNTERS for the last 12 months
LASTMON: 06/2008
MON 01/2008:	   7063    5721     351    1019    1068 265284272
MON 02/2008:	   8269    6079     486    1115    1587 298924032
MON 03/2008:	   7347    5771     435    1160    1477 294708128
MON 04/2008:	   7211    5179     372     967    1036 319414624
MON 05/2008:	   5578    3910     550     842     949 445832480
MON 06/2007:	   6254    4563     519     892    1296 409996992
MON 07/2007:	   7212    5814     427    1003    1273 508835200
MON 08/2007:	   6518    5268     361     902    1071 338906240
MON 09/2007:	   5697    4641     289     759     915 341811648
MON 10/2007:	  10627    8184    1426    1090    2361 375619232
MON 11/2007:	   6858    5623     406     823    1561 361880640
MON 12/2007:	   6022    4950     337     830    1091 357889920
checksum	  84656   65703    5959   11402   15685 4319103616

