# WWW History 2.4
# DAILY COUNTERS for summary period 1-31 May 2008
DAY 01/05/2008:	    132      80      33      22      24 10661805
DAY 02/05/2008:	    169     133      16      28      35 6621877
DAY 03/05/2008:	    164     118      13      49      32 3172110
DAY 04/05/2008:	    104      91       4      31      18 1043612
DAY 05/05/2008:	    186     157       3      34      31 10657485
DAY 06/05/2008:	    177     152       5      27      29 4517219
DAY 07/05/2008:	    241     161       3      29      37 22932038
DAY 08/05/2008:	    149     114       8      19      23 1682915
DAY 09/05/2008:	    188     131       4      15      23 13361567
DAY 10/05/2008:	    174     123      25      24      52 26997550
DAY 11/05/2008:	    178     115      31      22      26 10816368
DAY 12/05/2008:	    311     217      51      36      53 14260041
DAY 13/05/2008:	    338     213      15      43      35 59397656
DAY 14/05/2008:	    107      82       5      28      40 13376662
DAY 15/05/2008:	    206     145       7      28      30 37333504
DAY 16/05/2008:	    113      82       5      24      27 2051163
DAY 17/05/2008:	    163     119      22      26      20 2377685
DAY 18/05/2008:	    174     130      22      23      29 7585534
DAY 19/05/2008:	    248     195      13      28      43 2602772
DAY 20/05/2008:	    246     199      17      37      31 39590860
DAY 21/05/2008:	    246     154      39      38      35 19259830
DAY 22/05/2008:	    111      71      13      20      30 10378910
DAY 23/05/2008:	    100      72       8      19      31 1110190
DAY 24/05/2008:	     88      55       9      24      26 1018501
DAY 25/05/2008:	    194     101      49      30      19 34102216
DAY 26/05/2008:	    101      70      14      14      24 5112302
DAY 27/05/2008:	    206     161      22      29      33 21076106
DAY 28/05/2008:	    128      80      28      20      24 8654055
DAY 29/05/2008:	    142      54       8       9      21 1448986
DAY 30/05/2008:	    272     193      41      36      37 13093228
CUR 31/05/2008:	     23      20       0       1       1 13829461
checksum	   5379    3788     533     813     919 420124832

# MONTHLY COUNTERS for the last 12 months
LASTMON: 05/2008
MON 01/2008:	   7063    5721     351    1019    1068 265284272
MON 02/2008:	   8269    6079     486    1115    1587 298924032
MON 03/2008:	   7347    5771     435    1160    1477 294708128
MON 04/2008:	   7211    5179     372     967    1036 319414624
MON 05/2007:	   6045    4726     264     843    1103 340150176
MON 06/2007:	   6254    4563     519     892    1296 409996992
MON 07/2007:	   7212    5814     427    1003    1273 508835200
MON 08/2007:	   6518    5268     361     902    1071 338906240
MON 09/2007:	   5697    4641     289     759     915 341811648
MON 10/2007:	  10627    8184    1426    1090    2361 375619232
MON 11/2007:	   6858    5623     406     823    1561 361880640
MON 12/2007:	   6022    4950     337     830    1091 357889920
checksum	  85123   66519    5673   11403   15839 4213421184

