# WWW History 2.4
# DAILY COUNTERS for summary period 1-31 Mar 2007
DAY 01/03/2007:	    519      58       1      22      23 9477964
DAY 02/03/2007:	    103      81       1      11      16 5176887
DAY 03/03/2007:	     92      42      17      16      28 14058611
DAY 04/03/2007:	     59      35       0      12      18 9233166
DAY 05/03/2007:	    141      83       0      20      27 6852489
DAY 06/03/2007:	    150     115       6      44      36 1886190
DAY 07/03/2007:	    194     132       0      34      20 21376074
DAY 08/03/2007:	    291     220      12      40      34 16290221
DAY 09/03/2007:	    409     347       9      35      36 35422676
DAY 10/03/2007:	    154     107      24      16      39 3507080
DAY 11/03/2007:	    129     100       5      17      21 1697489
DAY 12/03/2007:	     45      28       0      15      18 6416182
DAY 13/03/2007:	    154      90      43      26      18 3609624
DAY 14/03/2007:	    148     122       0      28      24 6256737
DAY 15/03/2007:	    184     135       9      38      30 7275344
DAY 16/03/2007:	     41      27       3       4      13 1233205
DAY 17/03/2007:	     63      45       3      13      17 8672850
DAY 18/03/2007:	    217     175       6      34      53 15400815
DAY 19/03/2007:	    215     158      19      55      37 9145093
DAY 20/03/2007:	    201     163       1      37      33 2260625
DAY 21/03/2007:	    198     150      16      30      29 10589709
DAY 22/03/2007:	    145      86      23      16      22 10374322
DAY 23/03/2007:	    164     116       1      16      26 14501331
DAY 24/03/2007:	     75      46       4      16      21 1085954
DAY 25/03/2007:	    239     183      13      23      28 6878240
DAY 26/03/2007:	    157     111      18      18      22 2186893
DAY 27/03/2007:	    115      67       5      23      38 9949210
DAY 28/03/2007:	    235     191       3      29      27 10101343
DAY 29/03/2007:	     90      58       9      20      27 12463942
DAY 30/03/2007:	    145      99       5      30      36 2653436
CUR 31/03/2007:	      4       1       1       1       2 5393
checksum	   5076    3371     257     739     819 266040656

# MONTHLY COUNTERS for the last 12 months
LASTMON: 03/2007
MON 01/2007:	   3296    2242     223     611     695 227272928
MON 02/2007:	   2928    2096     108     487     516 187537792
MON 03/2006:	   8359    5126    1852    1330     680 53741940
MON 04/2006:	   3692    2821     435     503     453 19391052
MON 05/2006:	   2966    2319     255     441     477 20278740
MON 06/2006:	   3840    2978     312     636     535 32442848
MON 07/2006:	   3432    2491     267     438     480 17567004
MON 08/2006:	   3701    2807     351     597     423 39267152
MON 09/2006:	   5384    3970     655     806    1289 144089200
MON 10/2006:	   4552    3463     175     778     617 143016080
MON 11/2006:	   3922    3005     217     670     602 160107600
MON 12/2006:	   4368    3110     400     711     751 291001248
checksum	  50440   36428    5250    8008    7518 1335713568

