# WWW History 2.4
# DAILY COUNTERS for summary period 1-31 Oct 2005
DAY 01/10/2005:	   1257     645      40     591      12 18133836
DAY 02/10/2005:	    292     117      34      35      26 982342
DAY 03/10/2005:	    956     667     225      52      90 4026097
DAY 04/10/2005:	    577     352     137      88      56 4703799
DAY 05/10/2005:	    322     261      42      39      26 2093259
DAY 06/10/2005:	    189     130      45      13      13 1688287
DAY 07/10/2005:	    254     181      46      27      17 1127732
DAY 08/10/2005:	    465     299     107      78      27 2157976
DAY 09/10/2005:	   2340    1195    1025     188     124 13142868
DAY 10/10/2005:	   5522    2385    2912     372     106 25312000
DAY 11/10/2005:	   2211     689    1495     120      75 7888280
DAY 12/10/2005:	   2693     819    1791     154      51 8533153
DAY 13/10/2005:	   1016     384     612      60      50 4474363
DAY 14/10/2005:	    703     215     419      51      27 2603566
DAY 15/10/2005:	    294     245      17      36      35 2279523
DAY 16/10/2005:	    634     278     339      59      47 3321395
DAY 17/10/2005:	   1077     652     329      84      74 6838571
DAY 18/10/2005:	    544     282     222      45      20 2797616
DAY 19/10/2005:	    991     432     490      84      89 4336736
DAY 20/10/2005:	    540     250     274      41      52 2472128
DAY 21/10/2005:	    374     159     166      21      18 1222158
DAY 22/10/2005:	    169      72      85      43      12 1339750
DAY 23/10/2005:	    152     117       0      15      15 607791
DAY 24/10/2005:	    759     374     341      97      25 3748057
DAY 25/10/2005:	    405     154     233      26      15 1416355
DAY 26/10/2005:	    429     225     171      47      24 2173587
DAY 27/10/2005:	    183     104      58      31      11 1021210
DAY 28/10/2005:	    190      42     113      34      12 666146
DAY 29/10/2005:	    117     100       0      15      13 861960
DAY 30/10/2005:	     97      57      14      12      16 333199
CUR 31/10/2005:	      2       1       0       1       2 11916
checksum	  25754   11883   11782    2559    1180 132315280

# MONTHLY COUNTERS for the last 12 months
LASTMON: 10/2005
MON 01/2005:	   3028    1489      29     718     242 21442044
MON 02/2005:	   7071    5147    1237     662     956 33868132
MON 03/2005:	   4791    3841     530     669     724 24065214
MON 04/2005:	   4425    3465     616     487    1469 37547208
MON 05/2005:	   2370    1912     122     426     411 14596330
MON 06/2005:	   2633    2072     139     651     358 20030014
MON 07/2005:	   2665    2206      60     479     428 13854283
MON 08/2005:	  11864    8125    3205     711    1415 40472532
MON 09/2005:	   8139    5026    2440     672    1132 28169798
MON 10/2004:	   2544    2079     155     578     295 19956848
MON 11/2004:	   1415    1140     141     299     195 9045687
MON 12/2004:	   3937    1748     101    1012     263 29484112
checksum	  54882   38250    8775    7364    7888 292532192

