# WWW History 2.4
# DAILY COUNTERS for summary period 1-31 Dec 2005
DAY 01/12/2005:	    105      76       0      51       8 1234740
DAY 02/12/2005:	    137      94       0      31      10 850499
DAY 03/12/2005:	    145      84      14      31       8 21443992
DAY 04/12/2005:	     46      39       5       6       6 195169
DAY 05/12/2005:	    601     352     205      68      29 4061700
DAY 06/12/2005:	    187     112      46      35      10 1306316
DAY 07/12/2005:	    409     191     207      28      14 1714064
DAY 08/12/2005:	    112      38      36      20       8 481833
DAY 09/12/2005:	     99      72      13      14       9 575724
DAY 10/12/2005:	    139     113      10      28      12 1219977
DAY 11/12/2005:	     99      54      11      21       7 521599
DAY 12/12/2005:	    290     199      50      42      15 1906922
DAY 13/12/2005:	    248     168      26      27      11 1658072
DAY 14/12/2005:	    272     219      19      30      14 1966791
DAY 15/12/2005:	    103      52       0      38       7 877338
DAY 16/12/2005:	    201      97      13      34      15 888388
DAY 17/12/2005:	    282     127     108      60      28 1681187
DAY 18/12/2005:	    145      70      70      11      10 617360
DAY 19/12/2005:	    423     271     107      39      19 2352859
DAY 20/12/2005:	    130      47      15      41       9 867626
DAY 21/12/2005:	     96      77       6      10      10 653952
DAY 22/12/2005:	    209     120      11      27      16 996587
DAY 23/12/2005:	     77      34       2       9      11 181212
DAY 24/12/2005:	    150      71      44      16      12 672838
DAY 25/12/2005:	     67       9       0       9      13 95425
DAY 26/12/2005:	     43       9      15      11      10 36657
DAY 27/12/2005:	     76      47       0      11      13 381523
DAY 28/12/2005:	    148      99      18      23      12 701980
DAY 29/12/2005:	    151      83      45      33      24 6288040
DAY 30/12/2005:	     53      42       4      15       9 4555414
CUR 31/12/2005:	      0       0       0       0       0 0
checksum	   5243    3066    1100     819     379 60985752

# MONTHLY COUNTERS for the last 12 months
LASTMON: 12/2005
MON 01/2005:	   3028    1489      29     718     242 21442044
MON 02/2005:	   7071    5147    1237     662     956 33868132
MON 03/2005:	   4791    3841     530     669     724 24065214
MON 04/2005:	   4425    3465     616     487    1469 37547208
MON 05/2005:	   2370    1912     122     426     411 14596330
MON 06/2005:	   2633    2072     139     651     358 20030014
MON 07/2005:	   2665    2206      60     479     428 13854283
MON 08/2005:	  11864    8125    3205     711    1415 40472532
MON 09/2005:	   8139    5026    2440     672    1132 28169798
MON 10/2005:	  26105   12128   11866    2599    1207 135049984
MON 11/2005:	   8996    5579    2594    1182     616 92994896
MON 12/2004:	   3937    1748     101    1012     263 29484112
checksum	  86024   52738   22939   10268    9221 491574544

