# WWW History 2.4
# DAILY COUNTERS for summary period 1-30 Sep 2004
DAY 01/09/2004:	    117     113       0      19      36 712175
DAY 02/09/2004:	      5       3       0       1       4 31273
DAY 03/09/2004:	    105      95       7      17      18 561187
DAY 04/09/2004:	     41      25      14       2       6 93739
DAY 05/09/2004:	     84      25      36       6       3 278421
DAY 06/09/2004:	     37      23       8       7       9 130812
DAY 07/09/2004:	    153     106      45      14      13 546236
DAY 08/09/2004:	    241     188      46      26      14 958813
DAY 09/09/2004:	     53      52       0       6       6 280165
DAY 10/09/2004:	     55      52       1       5      13 272655
DAY 11/09/2004:	      3       1       0       1       1 1315
DAY 12/09/2004:	     44      31       9      10       8 184037
DAY 13/09/2004:	    928     707     157      65     120 3448626
DAY 14/09/2004:	    409     352      52      44      55 2021537
DAY 15/09/2004:	    323     300      17      42      48 2247136
DAY 16/09/2004:	    177     160       7      40      30 1402399
DAY 17/09/2004:	     58      57       1       4       6 298672
DAY 18/09/2004:	     45      20      21       9       6 146689
DAY 19/09/2004:	     90      79       0      12      18 425804
DAY 20/09/2004:	     76      49      15       7      10 290723
DAY 21/09/2004:	    273     194      20     119      53 3037550
DAY 22/09/2004:	    169     124       8      21      31 898695
DAY 23/09/2004:	     97      50      29      25       4 373092
DAY 24/09/2004:	     23      19       0       3       4 82628
DAY 25/09/2004:	     46      39       0      13       8 314889
DAY 26/09/2004:	    109      87       0      57      18 1917950
DAY 27/09/2004:	    268     205       0     123      20 3235659
DAY 28/09/2004:	    335     197      60     140      10 4021453
DAY 29/09/2004:	    104      60      14      33      13 827979
CUR 30/09/2004:	      0       0       0       0       0 0
checksum	   4468    3413     567     871     585 29042356

# MONTHLY COUNTERS for the last 12 months
LASTMON: 09/2004
MON 01/2004:	      0       0       0       0       0 0
MON 02/2004:	      0       0       0       0       0 0
MON 03/2004:	   2749    1792     612    1133      28 23268960
MON 04/2004:	   4580    2161    2136     662      77 17454910
MON 05/2004:	    860     756      72     137     102 4059782
MON 06/2004:	   5168    4378     706     486    1387 36222584
MON 07/2004:	   1621    1330     193     257     324 10325291
MON 08/2004:	   1877    1550     156     420     306 11860578
MON 09/2003:	      0       0       0       0       0 0
MON 10/2003:	      0       0       0       0       0 0
MON 11/2003:	      0       0       0       0       0 0
MON 12/2003:	      0       0       0       0       0 0
checksum	  16855   11967    3875    3095    2224 103192104

