# WWW History 2.4
# DAILY COUNTERS for summary period 1-28 Feb 2007
DAY 01/02/2007:	    107      89       0      21      17 1786733
DAY 02/02/2007:	    137     111       0      32      20 1474410
DAY 03/02/2007:	    102      70      12       9      16 9633014
DAY 04/02/2007:	     53      22       2      12      20 6843012
DAY 05/02/2007:	     96      79       1      20      21 3618677
DAY 06/02/2007:	    129     106       1      20      18 1905216
DAY 07/02/2007:	     87      63       3      12      21 18934256
DAY 08/02/2007:	     90      71       0      19      14 662609
DAY 09/02/2007:	    146     121       4      34      19 3232342
DAY 10/02/2007:	     92      26       1       7      14 4806233
DAY 11/02/2007:	    128     105       5      23      21 4290685
DAY 12/02/2007:	     49      31       1      11      18 842109
DAY 13/02/2007:	     56      41       2       6      12 3168431
DAY 14/02/2007:	    133      90       1      28      30 32946148
DAY 15/02/2007:	     93      59       5      19      24 6927714
DAY 16/02/2007:	     63      53       0       6       9 529293
DAY 17/02/2007:	    189     159       1      26      24 11600696
DAY 18/02/2007:	     46      27       1      12      15 6899120
DAY 19/02/2007:	     79      61       1      14      15 2519743
DAY 20/02/2007:	    184     121      38      16      11 12538556
DAY 21/02/2007:	    105      81       0      17      23 14988629
DAY 22/02/2007:	     93      61       0      16      21 9055155
DAY 23/02/2007:	     61      47       0       7      10 2388115
DAY 24/02/2007:	     72      53       0      16      16 1581220
DAY 25/02/2007:	    180     141      21      25      17 4175396
DAY 26/02/2007:	    185      99       0      19      21 9461443
DAY 27/02/2007:	     91      55       6      14      24 4569209
CUR 28/02/2007:	      0       0       0       0       0 0
checksum	   2846    2042     106     461     491 181378432

# MONTHLY COUNTERS for the last 12 months
LASTMON: 02/2007
MON 01/2007:	   3296    2242     223     611     695 227272928
MON 02/2006:	   8815    5583    1546    1535     623 60695940
MON 03/2006:	   8359    5126    1852    1330     680 53741940
MON 04/2006:	   3692    2821     435     503     453 19391052
MON 05/2006:	   2966    2319     255     441     477 20278740
MON 06/2006:	   3840    2978     312     636     535 32442848
MON 07/2006:	   3432    2491     267     438     480 17567004
MON 08/2006:	   3701    2807     351     597     423 39267152
MON 09/2006:	   5384    3970     655     806    1289 144089200
MON 10/2006:	   4552    3463     175     778     617 143016080
MON 11/2006:	   3922    3005     217     670     602 160107600
MON 12/2006:	   4368    3110     400     711     751 291001248
checksum	  56327   39915    6688    9056    7625 1208871712

