# WWW History 2.4
# DAILY COUNTERS for summary period 1-31 Mar 2005
DAY 01/03/2005:	    537     420     106      71      69 2875415
DAY 02/03/2005:	    225     183      35      18      19 962515
DAY 03/03/2005:	    105      70      34      10      12 323586
DAY 04/03/2005:	     86      79       0      14      19 394463
DAY 05/03/2005:	     80      65       7      13      21 414878
DAY 06/03/2005:	     42       8      10       2       5 65169
DAY 07/03/2005:	     93      83       0      18      17 565500
DAY 08/03/2005:	     72      52      17      11       8 368710
DAY 09/03/2005:	     16       9       7       0       2 43452
DAY 10/03/2005:	      9       8       1       2       4 23472
DAY 11/03/2005:	    107      98       1      43      25 1249667
DAY 12/03/2005:	     33      17       0      12      12 203660
DAY 13/03/2005:	     25      24       1       3       3 147852
DAY 14/03/2005:	    155     133       2      32      21 909015
DAY 15/03/2005:	    746     649      62      68      91 3313417
DAY 16/03/2005:	    393     313      54      41      54 1811302
DAY 17/03/2005:	    195     168      15      23      32 1008126
DAY 18/03/2005:	    185     164      15      18      38 934749
DAY 19/03/2005:	     78      61       8      12      15 381643
DAY 20/03/2005:	     90      77       6      10      23 380861
DAY 21/03/2005:	    294     254      23      59      48 1900489
DAY 22/03/2005:	    227     165      34      36      22 1033870
DAY 23/03/2005:	     64      53       1       9      14 335422
DAY 24/03/2005:	    224     194       8      32      23 1262015
DAY 25/03/2005:	    116      85      22      15      15 546878
DAY 26/03/2005:	      1       0       0       0       1 213
DAY 27/03/2005:	     48      28       0       9      13 168770
DAY 28/03/2005:	    167     120      15      23      40 667099
DAY 29/03/2005:	    167     121      15      26      24 690112
DAY 30/03/2005:	     85      41      19      22      12 382021
CUR 31/03/2005:	      0       0       0       0       0 0
checksum	   4665    3742     518     652     702 23364444

# MONTHLY COUNTERS for the last 12 months
LASTMON: 03/2005
MON 01/2005:	   3028    1489      29     718     242 21442044
MON 02/2005:	   7071    5147    1237     662     956 33868132
MON 03/2004:	   2749    1792     612    1133      28 23268960
MON 04/2004:	   4580    2161    2136     662      77 17454910
MON 05/2004:	    860     756      72     137     102 4059782
MON 06/2004:	   5168    4378     706     486    1387 36222584
MON 07/2004:	   1621    1330     193     257     324 10325291
MON 08/2004:	   1877    1550     156     420     306 11860578
MON 09/2004:	   4505    3441     574     875     591 29162940
MON 10/2004:	   2544    2079     155     578     295 19956848
MON 11/2004:	   1415    1140     141     299     195 9045687
MON 12/2004:	   3937    1748     101    1012     263 29484112
checksum	  39355   27011    6112    7239    4766 246151872

