# WWW History 2.4
# DAILY COUNTERS for summary period 1-30 Apr 2006
DAY 01/04/2006:	     77      58      11      23      12 466628
DAY 02/04/2006:	    121     107       0      11       8 783095
DAY 03/04/2006:	    215     181      22      22      21 1306140
DAY 04/04/2006:	     55      37       0      16      14 462487
DAY 05/04/2006:	    126     118       1      25      24 928736
DAY 06/04/2006:	    189     135      29      17      13 991705
DAY 07/04/2006:	    208     185       8      37      17 1466236
DAY 08/04/2006:	     67      45       0      10       9 246013
DAY 09/04/2006:	     84      78       0      10      13 421112
DAY 10/04/2006:	    221     175      23      34      14 1328039
DAY 11/04/2006:	    147     128       5      37      14 615046
DAY 12/04/2006:	     55      32       0       8      13 191729
DAY 13/04/2006:	     86      71       7      12      13 683066
DAY 14/04/2006:	    115     110       0      14      13 768507
DAY 15/04/2006:	     36      17       0       5       6 118099
DAY 16/04/2006:	     57      52       0       9      13 255379
DAY 17/04/2006:	    151     142       0      17      47 1115567
DAY 18/04/2006:	     61      42      16      10       6 239795
DAY 19/04/2006:	    165      86       6      16      15 791760
DAY 20/04/2006:	    167      73      92      16      10 498480
DAY 21/04/2006:	    136     107      16      18      17 856327
DAY 22/04/2006:	    131     118       0      17      18 595057
DAY 23/04/2006:	    154      82      46      17      30 551055
DAY 24/04/2006:	     91      83       0      11      13 608773
DAY 25/04/2006:	    224     198      12      19      16 1062750
DAY 26/04/2006:	    108      88      13      15      12 527477
DAY 27/04/2006:	    188     128      52      20      13 754365
DAY 28/04/2006:	    176      88      75      21      17 432979
DAY 29/04/2006:	     60      50       0      10      10 266140
CUR 30/04/2006:	      0       0       0       0       0 0
checksum	   3671    2814     434     497     441 19332588

# MONTHLY COUNTERS for the last 12 months
LASTMON: 04/2006
MON 01/2006:	   9615    5764    1974    1428     641 64985204
MON 02/2006:	   8815    5583    1546    1535     623 60695940
MON 03/2006:	   8359    5126    1852    1330     680 53741940
MON 04/2005:	   4425    3465     616     487    1469 37547208
MON 05/2005:	   2370    1912     122     426     411 14596330
MON 06/2005:	   2633    2072     139     651     358 20030014
MON 07/2005:	   2665    2206      60     479     428 13854283
MON 08/2005:	  11864    8125    3205     711    1415 40472532
MON 09/2005:	   8139    5026    2440     672    1132 28169798
MON 10/2005:	  26105   12128   11866    2599    1207 135049984
MON 11/2005:	   8996    5579    2594    1182     616 92994896
MON 12/2005:	   5297    3114    1100     829     386 61236324
checksum	  99283   60100   27514   12329    9366 623374500

