# WWW History 2.4
# DAILY COUNTERS for summary period 1-30 Nov 2008
DAY 01/11/2008:	    275     221      17      43      52 30640352
DAY 02/11/2008:	    273     224      15      26      28 57128980
DAY 03/11/2008:	    251     198       5      33      62 13290573
DAY 04/11/2008:	    213     155      27      27      34 12184914
DAY 05/11/2008:	    286     176      47      46      28 23492352
DAY 06/11/2008:	    167     125      14      22      29 41928892
DAY 07/11/2008:	    468     304      58      54      45 26630256
DAY 08/11/2008:	    229     165      12      30      35 37776872
DAY 09/11/2008:	    231     162      19      40      26 17855620
DAY 10/11/2008:	    320     264      23      33      33 39252560
DAY 11/11/2008:	    203     158      11      31      36 4717596
DAY 12/11/2008:	    206     175       7      27      29 11571242
DAY 13/11/2008:	    345     268       8      37      53 33261756
DAY 14/11/2008:	    417     339      16      40      40 118394688
DAY 15/11/2008:	    142     104      11      26      22 19131226
DAY 16/11/2008:	    290     207      19      34      32 106466184
DAY 17/11/2008:	    230     190       1      29      30 34904760
DAY 18/11/2008:	    293     214       8      45      34 28218970
DAY 19/11/2008:	    141     110       3      25      34 5936120
DAY 20/11/2008:	    306     209      50      46      36 47500172
DAY 21/11/2008:	    321     252       4      44      41 17938484
DAY 22/11/2008:	    148     114       8      33      19 4408933
DAY 23/11/2008:	    247     200      10      60      56 15204582
DAY 24/11/2008:	    252     171      10      26      35 22867570
DAY 25/11/2008:	    422     258     110      46      32 58118512
DAY 26/11/2008:	    187     150       7      33      42 19681316
DAY 27/11/2008:	    170     134       6      27      29 37408320
DAY 28/11/2008:	    282     169       7      36      53 6794855
DAY 29/11/2008:	    152     112       8      18      22 51059756
CUR 30/11/2008:	     17      13       1       2       4 281443
checksum	   7484    5541     542    1019    1051 944034880

# MONTHLY COUNTERS for the last 12 months
LASTMON: 11/2008
MON 01/2008:	   7063    5721     351    1019    1068 265284272
MON 02/2008:	   8269    6079     486    1115    1587 298924032
MON 03/2008:	   7347    5771     435    1160    1477 294708128
MON 04/2008:	   7211    5179     372     967    1036 319414624
MON 05/2008:	   5578    3910     550     842     949 445832480
MON 06/2008:	   6708    5315     398    1280    1053 446930016
MON 07/2008:	  11574    8555    1024    1586    1873 495077632
MON 08/2008:	   9017    6883     663    1257    1309 1520023424
MON 09/2008:	  11297    6352     370     957    1189 773334144
MON 10/2008:	   8494    6319     514    1112    1192 660584576
MON 11/2007:	   6858    5623     406     823    1561 361880640
MON 12/2007:	   6022    4950     337     830    1091 357889920
checksum	  95438   70657    5906   12948   15385 6239883648

