# WWW History 2.4
# DAILY COUNTERS for summary period 1-31 Mar 2004
DAY 01/03/2004:	      0       0       0       0       0 0
DAY 02/03/2004:	      0       0       0       0       0 0
DAY 03/03/2004:	      0       0       0       0       0 0
DAY 04/03/2004:	      0       0       0       0       0 0
DAY 05/03/2004:	      0       0       0       0       0 0
DAY 06/03/2004:	      0       0       0       0       0 0
DAY 07/03/2004:	      0       0       0       0       0 0
DAY 08/03/2004:	      0       0       0       0       0 0
DAY 09/03/2004:	      0       0       0       0       0 0
DAY 10/03/2004:	      0       0       0       0       0 0
DAY 11/03/2004:	      0       0       0       0       0 0
DAY 12/03/2004:	      0       0       0       0       0 0
DAY 13/03/2004:	      0       0       0       0       0 0
DAY 14/03/2004:	      0       0       0       0       0 0
DAY 15/03/2004:	      0       0       0       0       0 0
DAY 16/03/2004:	      0       0       0       0       0 0
DAY 17/03/2004:	      0       0       0       0       0 0
DAY 18/03/2004:	      0       0       0       0       0 0
DAY 19/03/2004:	      2       1       0       1       1 327
DAY 20/03/2004:	      0       0       0       0       0 0
DAY 21/03/2004:	      0       0       0       0       0 0
DAY 22/03/2004:	    105      96       0      18       2 179407
DAY 23/03/2004:	      1       0       0       0       1 201
DAY 24/03/2004:	     48      16      29       8       2 46860
DAY 25/03/2004:	      0       0       0       0       0 0
DAY 26/03/2004:	      6       3       0       3       5 1234
DAY 27/03/2004:	      0       0       0       0       0 0
DAY 28/03/2004:	      0       0       0       0       0 0
DAY 29/03/2004:	     12       3       0       3       4 3127
DAY 30/03/2004:	   1581    1143     231     765       7 15745531
CUR 31/03/2004:	      2       2       0       0       0 11361
checksum	   1757    1264     260     798      22 15988048

# MONTHLY COUNTERS for the last 12 months
LASTMON: 03/2004
MON 01/2004:	      0       0       0       0       0 0
MON 02/2004:	      0       0       0       0       0 0
MON 03/2003:	      0       0       0       0       0 0
MON 04/2003:	      0       0       0       0       0 0
MON 05/2003:	      0       0       0       0       0 0
MON 06/2003:	      0       0       0       0       0 0
MON 07/2003:	      0       0       0       0       0 0
MON 08/2003:	      0       0       0       0       0 0
MON 09/2003:	      0       0       0       0       0 0
MON 10/2003:	      0       0       0       0       0 0
MON 11/2003:	      0       0       0       0       0 0
MON 12/2003:	      0       0       0       0       0 0
checksum	      0       0       0       0       0 0

