# WWW History 2.4
# DAILY COUNTERS for summary period 1-31 Mar 2008
DAY 01/03/2008:	    136     102       5      32      36 7522834
DAY 02/03/2008:	    165     139       2      36      31 2141328
DAY 03/03/2008:	    321     252      33      69      46 3641399
DAY 04/03/2008:	    215     173       6      74      39 10058288
DAY 05/03/2008:	    360     312       8      52      45 14784388
DAY 06/03/2008:	    247     219       5      58      46 6251144
DAY 07/03/2008:	    398     293      19      38      37 4786526
DAY 08/03/2008:	    278     234      15      53      33 22809276
DAY 09/03/2008:	    188     163       3      46      35 2671077
DAY 10/03/2008:	    237     212       1      36      42 12358117
DAY 11/03/2008:	    776     537     103      41     276 65131848
DAY 12/03/2008:	    258     211      15      19      78 12608473
DAY 13/03/2008:	    170     139       9      21      40 4904290
DAY 14/03/2008:	    211     173      16      29      40 10036882
DAY 15/03/2008:	    278     230       9      50      44 6307274
DAY 16/03/2008:	    163     129       7      28      35 1245792
DAY 17/03/2008:	    279     218      10      33      72 22193044
DAY 18/03/2008:	    309     199      17      56      65 13925244
DAY 19/03/2008:	    265     226      17      62      41 3189840
DAY 20/03/2008:	    247     162       4      28      68 9606195
DAY 21/03/2008:	    293     235      18      50      38 13456876
DAY 22/03/2008:	     86      69       5      20      26 1940574
DAY 23/03/2008:	     93      51      26      16      25 925520
DAY 24/03/2008:	    203     164      22      24      38 3665925
DAY 25/03/2008:	    125     105       3      16      25 2411833
DAY 26/03/2008:	    105      76      10      13      33 11988834
DAY 27/03/2008:	    172     154       3      49      26 3092181
DAY 28/03/2008:	    297     177      40      42      38 6353951
DAY 29/03/2008:	    102      85       0      16      25 3035507
DAY 30/03/2008:	    196     176       1      31      32 6272615
CUR 31/03/2008:	     19      17       0       1       2 547698
checksum	   7192    5632     432    1139    1457 289869152

# MONTHLY COUNTERS for the last 12 months
LASTMON: 03/2008
MON 01/2008:	   7063    5721     351    1019    1068 265284272
MON 02/2008:	   8269    6079     486    1115    1587 298924032
MON 03/2007:	   5115    3397     260     745     834 267796512
MON 04/2007:	   7085    5508     314     938    1008 335933376
MON 05/2007:	   6045    4726     264     843    1103 340150176
MON 06/2007:	   6254    4563     519     892    1296 409996992
MON 07/2007:	   7212    5814     427    1003    1273 508835200
MON 08/2007:	   6518    5268     361     902    1071 338906240
MON 09/2007:	   5697    4641     289     759     915 341811648
MON 10/2007:	  10627    8184    1426    1090    2361 375619232
MON 11/2007:	   6858    5623     406     823    1561 361880640
MON 12/2007:	   6022    4950     337     830    1091 357889920
checksum	  82765   64474    5440   10959   15168 4203028096

