# WWW History 2.4
# DAILY COUNTERS for summary period 1-31 Jan 2007
DAY 01/01/2007:	     20       5       4       7      14 50294
DAY 02/01/2007:	     30      23       0       6       8 657700
DAY 03/01/2007:	     76      48      10      21      25 2583684
DAY 04/01/2007:	    207     164       9      32      37 5997100
DAY 05/01/2007:	    116      74       3      14      21 12675424
DAY 06/01/2007:	     69      44       4      23      19 2979688
DAY 07/01/2007:	     61      23      15      12      29 178062
DAY 08/01/2007:	    158     123       7      23      16 8351644
DAY 09/01/2007:	    105      90       2      16      17 2724615
DAY 10/01/2007:	    187     141      10      36      20 4257368
DAY 11/01/2007:	    113      75      23      19      23 8596898
DAY 12/01/2007:	     64      33      21      11      14 9796167
DAY 13/01/2007:	    179      95      30      23      34 26146004
DAY 14/01/2007:	     59      32       5       6      29 18913332
DAY 15/01/2007:	    100      67       2      29      22 6399122
DAY 16/01/2007:	    144     120       4      24      18 4549044
DAY 17/01/2007:	    194     163       5      35      31 6486490
DAY 18/01/2007:	    142     104       5      30      33 10334936
DAY 19/01/2007:	     31      17       4       4       7 11654390
DAY 20/01/2007:	     64      42       5      16      20 2064501
DAY 21/01/2007:	    107      50       8       6      18 4810575
DAY 22/01/2007:	     61      39       1      21      23 11548614
DAY 23/01/2007:	    110      75       5      16      29 4651338
DAY 24/01/2007:	     80      45       7      20      26 10103577
DAY 25/01/2007:	    150      94       4      26      23 3331655
DAY 26/01/2007:	     70      45       6      14      17 6726713
DAY 27/01/2007:	     98      71       2      19      20 3827483
DAY 28/01/2007:	     98      68       3      21      16 6595831
DAY 29/01/2007:	    171     125       3      28      36 13050417
DAY 30/01/2007:	    118      68      15      28      28 3805224
CUR 31/01/2007:	      2       0       1       0       1 204
checksum	   3184    2163     223     586     674 213848864

# MONTHLY COUNTERS for the last 12 months
LASTMON: 01/2007
MON 01/2006:	   9615    5764    1974    1428     641 64985204
MON 02/2006:	   8815    5583    1546    1535     623 60695940
MON 03/2006:	   8359    5126    1852    1330     680 53741940
MON 04/2006:	   3692    2821     435     503     453 19391052
MON 05/2006:	   2966    2319     255     441     477 20278740
MON 06/2006:	   3840    2978     312     636     535 32442848
MON 07/2006:	   3432    2491     267     438     480 17567004
MON 08/2006:	   3701    2807     351     597     423 39267152
MON 09/2006:	   5384    3970     655     806    1289 144089200
MON 10/2006:	   4552    3463     175     778     617 143016080
MON 11/2006:	   3922    3005     217     670     602 160107600
MON 12/2006:	   4368    3110     400     711     751 291001248
checksum	  62646   43437    8439    9873    7571 1046583968

