# WWW History 2.4
# DAILY COUNTERS for summary period 1-30 Nov 2006
DAY 01/11/2006:	    270     162       0      32      20 3463410
DAY 02/11/2006:	    162     105      20      17      15 5562689
DAY 03/11/2006:	     88      57       4      20      18 4809508
DAY 04/11/2006:	    133     119       0      28      14 8317324
DAY 05/11/2006:	    256     212       7      45      30 17701444
DAY 06/11/2006:	     85      66       6      21      13 1463230
DAY 07/11/2006:	     54      36       3      18      10 419474
DAY 08/11/2006:	     95      69       3      26      23 1536135
DAY 09/11/2006:	    298     256      22      28      44 14266562
DAY 10/11/2006:	    110      55      25      21      16 3592180
DAY 11/11/2006:	     46      34       2       9      10 3488223
DAY 12/11/2006:	    211     176       2      35      39 5969034
DAY 13/11/2006:	    136      90      23      22      18 7564906
DAY 14/11/2006:	    176     156       1      33      19 7003363
DAY 15/11/2006:	     66      38       6      19      16 2712616
DAY 16/11/2006:	     91      70       2      20      19 1642028
DAY 17/11/2006:	    132     110       2      20      24 8250875
DAY 18/11/2006:	    169     147       2      30      18 6665201
DAY 19/11/2006:	     96      68      12      14      17 7851933
DAY 20/11/2006:	    197     161      10      22      18 6835261
DAY 21/11/2006:	    167     142       5      28      25 5316486
DAY 22/11/2006:	     45      29       2      14      20 3404121
DAY 23/11/2006:	     28      15       3      10      13 1848361
DAY 24/11/2006:	    106      92       1      30      19 2910803
DAY 25/11/2006:	     69      49       1      15      20 1406264
DAY 26/11/2006:	     51      34       0       9       8 5009360
DAY 27/11/2006:	    117      93       2      22      19 6033744
DAY 28/11/2006:	     66      51       7      14      15 1393292
DAY 29/11/2006:	    156     106      27      16      35 7167087
CUR 30/11/2006:	     21      20       1       3       3 110706
checksum	   3697    2818     201     641     578 153715216

# MONTHLY COUNTERS for the last 12 months
LASTMON: 11/2006
MON 01/2006:	   9615    5764    1974    1428     641 64985204
MON 02/2006:	   8815    5583    1546    1535     623 60695940
MON 03/2006:	   8359    5126    1852    1330     680 53741940
MON 04/2006:	   3692    2821     435     503     453 19391052
MON 05/2006:	   2966    2319     255     441     477 20278740
MON 06/2006:	   3840    2978     312     636     535 32442848
MON 07/2006:	   3432    2491     267     438     480 17567004
MON 08/2006:	   3701    2807     351     597     423 39267152
MON 09/2006:	   5384    3970     655     806    1289 144089200
MON 10/2006:	   4552    3463     175     778     617 143016080
MON 11/2005:	   8996    5579    2594    1182     616 92994896
MON 12/2005:	   5297    3114    1100     829     386 61236324
checksum	  68649   46015   11516   10503    7220 749706340

