# WWW History 2.4
# DAILY COUNTERS for summary period 1-31 Aug 2008
DAY 01/08/2008:	    202     152       9      24      64 8705109
DAY 02/08/2008:	    255     164      48      31      36 10534696
DAY 03/08/2008:	    131      77      21      24      26 6071783
DAY 04/08/2008:	    245     160      14      34      34 10565864
DAY 05/08/2008:	    194     149       6      33      32 3282065
DAY 06/08/2008:	    276     235       0      48      31 8828120
DAY 07/08/2008:	    376     277      40      50      92 16260754
DAY 08/08/2008:	    184     118      29      34      28 9359965
DAY 09/08/2008:	    272     199       1      30      35 25088390
DAY 10/08/2008:	    141     106       7      31      28 5805535
DAY 11/08/2008:	   1097     776      59     385      38 30282212
DAY 12/08/2008:	   1061     844     134      38     156 575909248
DAY 13/08/2008:	    427     304      70      36      68 222305584
DAY 14/08/2008:	    207     142      41      11      34 34972888
DAY 15/08/2008:	    325     236      30      37      40 60359708
DAY 16/08/2008:	    139     117       1      17      25 2717377
DAY 17/08/2008:	    189     165       8      20      35 5644283
DAY 18/08/2008:	    313     251      18      37      42 94595992
DAY 19/08/2008:	    259     224       5      32      27 40719120
DAY 20/08/2008:	    305     234      19      27      40 31216976
DAY 21/08/2008:	    293     219       4      25      28 16117650
DAY 22/08/2008:	    328     269      10      49      39 15637997
DAY 23/08/2008:	    222     181      10      26      44 17249780
DAY 24/08/2008:	    182     164       4      20      24 5360733
DAY 25/08/2008:	    180     145      10      22      31 4328152
DAY 26/08/2008:	    301     246      19      32      46 67116552
DAY 27/08/2008:	    252     201      24      29      37 89526992
DAY 28/08/2008:	    184     151       4      16      43 32712556
DAY 29/08/2008:	    180     142       7      18      32 33689240
DAY 30/08/2008:	    125      95       6      13      29 3951649
CUR 31/08/2008:	     37      32       1       5       2 830138
checksum	   8882    6775     659    1234    1266 1489762688

# MONTHLY COUNTERS for the last 12 months
LASTMON: 08/2008
MON 01/2008:	   7063    5721     351    1019    1068 265284272
MON 02/2008:	   8269    6079     486    1115    1587 298924032
MON 03/2008:	   7347    5771     435    1160    1477 294708128
MON 04/2008:	   7211    5179     372     967    1036 319414624
MON 05/2008:	   5578    3910     550     842     949 445832480
MON 06/2008:	   6708    5315     398    1280    1053 446930016
MON 07/2008:	  11574    8555    1024    1586    1873 495077632
MON 08/2007:	   6518    5268     361     902    1071 338906240
MON 09/2007:	   5697    4641     289     759     915 341811648
MON 10/2007:	  10627    8184    1426    1090    2361 375619232
MON 11/2007:	   6858    5623     406     823    1561 361880640
MON 12/2007:	   6022    4950     337     830    1091 357889920
checksum	  89472   69196    6435   12373   16042 4342278784

