# WWW History 2.4
# DAILY COUNTERS for summary period 1-31 Mar 2006
DAY 01/03/2006:	    334     194      67      41      19 2004993
DAY 02/03/2006:	    382     235      74      87      30 2799594
DAY 03/03/2006:	    239     123      35      56      18 1860423
DAY 04/03/2006:	    215     134      14      52      14 1649526
DAY 05/03/2006:	    121      69       0      35       9 1114686
DAY 06/03/2006:	    259     147      63      42      32 1437836
DAY 07/03/2006:	    184     127      23      25      14 1125620
DAY 08/03/2006:	    958     517     395      87      25 5084015
DAY 09/03/2006:	    850     462     302     103      51 5064233
DAY 10/03/2006:	    156     111      29      47      18 1149457
DAY 11/03/2006:	    178     105      53      26      17 718254
DAY 12/03/2006:	    242     161      38      25      44 1597124
DAY 13/03/2006:	     93      51      28      41      17 839677
DAY 14/03/2006:	    203     149      35      20      15 1601645
DAY 15/03/2006:	    424     229     104      29      22 1991927
DAY 16/03/2006:	    316     227      53      59      27 1985047
DAY 17/03/2006:	     45      28       3       9       9 208350
DAY 18/03/2006:	    306     208      75      28      38 1203982
DAY 19/03/2006:	    350     194     142      30      15 1509364
DAY 20/03/2006:	    152     102      19      25      37 1065366
DAY 21/03/2006:	    302     211      77      36      20 2155420
DAY 22/03/2006:	    114      88      10      16      21 1194751
DAY 23/03/2006:	    288     208      71      37      13 2237273
DAY 24/03/2006:	    147     119      11      33      33 903547
DAY 25/03/2006:	    514     219       9     174      10 4728441
DAY 26/03/2006:	    218     128      14      75      16 2031962
DAY 27/03/2006:	    155     104      26      17      46 1086306
DAY 28/03/2006:	    146     129       0      22      15 730459
DAY 29/03/2006:	    139      81      48      14       6 685128
DAY 30/03/2006:	    259     203      34      30      19 1640996
CUR 31/03/2006:	      0       0       0       0       0 0
checksum	   8289    5063    1852    1321     670 53405216

# MONTHLY COUNTERS for the last 12 months
LASTMON: 03/2006
MON 01/2006:	   9615    5764    1974    1428     641 64985204
MON 02/2006:	   8815    5583    1546    1535     623 60695940
MON 03/2005:	   4791    3841     530     669     724 24065214
MON 04/2005:	   4425    3465     616     487    1469 37547208
MON 05/2005:	   2370    1912     122     426     411 14596330
MON 06/2005:	   2633    2072     139     651     358 20030014
MON 07/2005:	   2665    2206      60     479     428 13854283
MON 08/2005:	  11864    8125    3205     711    1415 40472532
MON 09/2005:	   8139    5026    2440     672    1132 28169798
MON 10/2005:	  26105   12128   11866    2599    1207 135049984
MON 11/2005:	   8996    5579    2594    1182     616 92994896
MON 12/2005:	   5297    3114    1100     829     386 61236324
checksum	  95715   58815   26192   11668    9410 593697764

