# WWW History 2.4
# DAILY COUNTERS for summary period 1-31 Mar 2009
DAY 01/03/2009:	    148     119       5      30      24 10121736
DAY 02/03/2009:	    262     196      13      30      38 34319424
DAY 03/03/2009:	    296     245      14      45      38 15588884
DAY 04/03/2009:	    296     214      26      45      42 47900800
DAY 05/03/2009:	    179     141       8      28      26 18930904
DAY 06/03/2009:	    139      90       7      19      32 14362368
DAY 07/03/2009:	    138     108       9      19      21 4812316
DAY 08/03/2009:	    129      86      27      21      22 3195136
DAY 09/03/2009:	    535     313      51      68     137 32259856
DAY 10/03/2009:	    371     204      16      37     103 32291148
DAY 11/03/2009:	    280     143       7      34     118 14835587
DAY 12/03/2009:	    239     158       7      33      57 18231260
DAY 13/03/2009:	    167     106       4      38      42 27961068
DAY 14/03/2009:	    175     118       9      13      38 19322956
DAY 15/03/2009:	     30      26       0       3       3 5901519
DAY 16/03/2009:	    439     338       8      48      86 13922441
DAY 17/03/2009:	    258     181      20      41      55 18741784
DAY 18/03/2009:	    215     157       9      34      45 24447996
DAY 19/03/2009:	    197     151       6      25      38 26606916
DAY 20/03/2009:	    246      97       6      17      35 15222386
DAY 21/03/2009:	    170     129       5      18      41 11405660
DAY 22/03/2009:	    184     130      10      32      27 25203712
DAY 23/03/2009:	    164     132       6      31      29 15034814
DAY 24/03/2009:	    303     219      39      44      44 12448018
DAY 25/03/2009:	    275     155       7      19      31 44379496
DAY 26/03/2009:	    216     120      13      29      62 17533916
DAY 27/03/2009:	    288     201       9      31      62 17509460
DAY 28/03/2009:	    297     188      23      39      54 8979039
DAY 29/03/2009:	    125      99       4      19      22 14204174
DAY 30/03/2009:	    283     215      25      39      42 23176328
CUR 31/03/2009:	      4       3       0       1       2 13637
checksum	   7048    4782     393     930    1416 588864320

# MONTHLY COUNTERS for the last 12 months
LASTMON: 03/2009
MON 01/2009:	   6882    4897     388    1019    1048 790393920
MON 02/2009:	   6519    4832     442     921     967 711624576
MON 03/2008:	   7347    5771     435    1160    1477 294708128
MON 04/2008:	   7211    5179     372     967    1036 319414624
MON 05/2008:	   5578    3910     550     842     949 445832480
MON 06/2008:	   6708    5315     398    1280    1053 446930016
MON 07/2008:	  11574    8555    1024    1586    1873 495077632
MON 08/2008:	   9017    6883     663    1257    1309 1520023424
MON 09/2008:	  11297    6352     370     957    1189 773334144
MON 10/2008:	   8494    6319     514    1112    1192 660584576
MON 11/2008:	   7669    5667     565    1044    1083 974557120
MON 12/2008:	   7107    5415     488    1076    1087 832549568
checksum	  95403   69095    6209   13221   14263 8265029824

