# WWW History 2.4
# DAILY COUNTERS for summary period 1-24 May 2004
DAY 01/05/2004:	      4       3       0       1       2 16143
DAY 02/05/2004:	      1       0       0       0       0 0
DAY 03/05/2004:	      1       0       0       0       1 201
DAY 04/05/2004:	      2       1       0       1       1 1339
DAY 05/05/2004:	      0       0       0       0       0 0
DAY 06/05/2004:	      2       1       0       1       2 1324
DAY 07/05/2004:	     22      16       5       3       2 96854
DAY 08/05/2004:	      6       4       0       4       5 25987
DAY 09/05/2004:	      0       0       0       0       0 0
DAY 10/05/2004:	      2       1       0       1       1 1339
DAY 11/05/2004:	     94      78      15      11      18 386837
DAY 12/05/2004:	     20      20       0       2       1 95998
DAY 13/05/2004:	     33      33       0       3       1 184712
DAY 14/05/2004:	    135      91      40      41       5 640124
DAY 15/05/2004:	      0       0       0       0       0 0
DAY 16/05/2004:	     22      20       0       2       2 96203
DAY 17/05/2004:	     42      41       0       5       3 193335
DAY 18/05/2004:	     23      21       0       3       3 97329
DAY 19/05/2004:	     21      20       0       2       2 96199
DAY 20/05/2004:	     34      23      10       8       3 127880
DAY 21/05/2004:	     22      21       0       5       3 105930
DAY 22/05/2004:	     44      42       2       5      21 210493
DAY 23/05/2004:	      0       0       0       0       0 0
CUR 24/05/2004:	      0       0       0       0       0 0
checksum	    530     436      72      98      76 2378227

# MONTHLY COUNTERS for the last 12 months
LASTMON: 05/2004
MON 01/2004:	      0       0       0       0       0 0
MON 02/2004:	      0       0       0       0       0 0
MON 03/2004:	   2749    1792     612    1133      28 23268960
MON 04/2004:	   4580    2161    2136     662      77 17454910
MON 05/2003:	      0       0       0       0       0 0
MON 06/2003:	      0       0       0       0       0 0
MON 07/2003:	      0       0       0       0       0 0
MON 08/2003:	      0       0       0       0       0 0
MON 09/2003:	      0       0       0       0       0 0
MON 10/2003:	      0       0       0       0       0 0
MON 11/2003:	      0       0       0       0       0 0
MON 12/2003:	      0       0       0       0       0 0
checksum	   7329    3953    2748    1795     105 40723872

