# WWW History 2.4
# DAILY COUNTERS for summary period 1-22 Dec 2007
DAY 01/12/2007:	    209     163      26      42      57 22642232
DAY 02/12/2007:	    220     194      11      38      35 7548914
DAY 03/12/2007:	    348     280      10      48      48 9062437
DAY 04/12/2007:	    217     193       5      30      52 12447839
DAY 05/12/2007:	    402     303      10      44      48 13922500
DAY 06/12/2007:	    340     271      25      32      46 23674720
DAY 07/12/2007:	    219     199       6      32      41 35133480
DAY 08/12/2007:	    147     108       4      17      32 4817680
DAY 09/12/2007:	    180     147      17      21      27 6362170
DAY 10/12/2007:	    177     139      16      36      40 7827516
DAY 11/12/2007:	    260     184      50      28      38 20818388
DAY 12/12/2007:	    386     318      45      39      44 10217776
DAY 13/12/2007:	    212     166      24      27      33 10377405
DAY 14/12/2007:	    138     119       1      29      30 5026411
DAY 15/12/2007:	    151     128       4      30      35 11486696
DAY 16/12/2007:	    152     139       1      26      28 17353972
DAY 17/12/2007:	    104      82       7      12      23 6771025
DAY 18/12/2007:	    337     286      12      47      29 32808776
DAY 19/12/2007:	     92      83       4       9      36 2041017
DAY 20/12/2007:	    108      90       8      14      23 1577649
DAY 21/12/2007:	     95      75       7      22      26 3132704
CUR 22/12/2007:	      2       1       0       0       1 781252
checksum	   4496    3668     293     623     772 265834160

# MONTHLY COUNTERS for the last 12 months
LASTMON: 12/2007
MON 01/2007:	   3296    2242     223     611     695 227272928
MON 02/2007:	   2928    2096     108     487     516 187537792
MON 03/2007:	   5115    3397     260     745     834 267796512
MON 04/2007:	   7085    5508     314     938    1008 335933376
MON 05/2007:	   6045    4726     264     843    1103 340150176
MON 06/2007:	   6254    4563     519     892    1296 409996992
MON 07/2007:	   7212    5814     427    1003    1273 508835200
MON 08/2007:	   6518    5268     361     902    1071 338906240
MON 09/2007:	   5697    4641     289     759     915 341811648
MON 10/2007:	  10627    8184    1426    1090    2361 375619232
MON 11/2007:	   6858    5623     406     823    1561 361880640
MON 12/2006:	   4368    3110     400     711     751 291001248
checksum	  72003   55172    4997    9804   13384 3986741920

