# WWW History 2.4
# DAILY COUNTERS for summary period 1-24 Jun 2007
DAY 01/06/2007:	    142     116       5      17      22 20430128
DAY 02/06/2007:	    105      60       2      21      28 2501649
DAY 03/06/2007:	    185     106       1      21      28 7308934
DAY 04/06/2007:	    265     241       1      32      33 16449733
DAY 05/06/2007:	    185     143      10      35      58 30743102
DAY 06/06/2007:	    191     147       5      34      65 24887154
DAY 07/06/2007:	    264     217      14      32      36 13314367
DAY 08/06/2007:	    122      93       5      24      50 23710228
DAY 09/06/2007:	    294     186      50      42      39 18566132
DAY 10/06/2007:	    171     143       4      24      27 8737234
DAY 11/06/2007:	    214     141      33      41      55 15076331
DAY 12/06/2007:	    427     326      52      52      67 14413178
DAY 13/06/2007:	    284     238       5      36      57 11719367
DAY 14/06/2007:	    230     153      37      42      61 16629431
DAY 15/06/2007:	    193     117      28      31      48 20674226
DAY 16/06/2007:	     75      53       4      21      23 527013
DAY 17/06/2007:	    147     128       2      15      17 7783890
DAY 18/06/2007:	    258     196      16      36      51 21131708
DAY 19/06/2007:	    320     234      48      33      50 15733357
DAY 20/06/2007:	    309     198      29      34      52 16426497
DAY 21/06/2007:	    185     149       8      30      38 5914782
DAY 22/06/2007:	    148     104      15      30      44 12653833
DAY 23/06/2007:	    117      63      30      15      35 9197532
CUR 24/06/2007:	     10       7       1       1       4 927710
checksum	   4841    3559     405     699     988 335458720

# MONTHLY COUNTERS for the last 12 months
LASTMON: 06/2007
MON 01/2007:	   3296    2242     223     611     695 227272928
MON 02/2007:	   2928    2096     108     487     516 187537792
MON 03/2007:	   5115    3397     260     745     834 267796512
MON 04/2007:	   7085    5508     314     938    1008 335933376
MON 05/2007:	   6045    4726     264     843    1103 340150176
MON 06/2006:	   3840    2978     312     636     535 32442848
MON 07/2006:	   3432    2491     267     438     480 17567004
MON 08/2006:	   3701    2807     351     597     423 39267152
MON 09/2006:	   5384    3970     655     806    1289 144089200
MON 10/2006:	   4552    3463     175     778     617 143016080
MON 11/2006:	   3922    3005     217     670     602 160107600
MON 12/2006:	   4368    3110     400     711     751 291001248
checksum	  53668   39793    3546    8260    8853 2186182048

