# WWW History 2.4
# DAILY COUNTERS for summary period 1-31 Jul 2006
DAY 01/07/2006:	     73      46       0       5       9 220803
DAY 02/07/2006:	    105      86       3      15      16 440547
DAY 03/07/2006:	     93      17       5      11      13 143116
DAY 04/07/2006:	     95      21       1      13      18 171769
DAY 05/07/2006:	     94      69      11      15      14 339421
DAY 06/07/2006:	    129     109       5      20      18 537357
DAY 07/07/2006:	     49      29      15       8      10 186262
DAY 08/07/2006:	    101      94       1       9      11 1708755
DAY 09/07/2006:	     49      42       1      21      15 208979
DAY 10/07/2006:	    123      58      18      10      15 345281
DAY 11/07/2006:	    248     127       5      19      19 738357
DAY 12/07/2006:	    158     113       8      17      20 651597
DAY 13/07/2006:	     88      73       5      13      22 1332282
DAY 14/07/2006:	     48      36       0      13      16 199230
DAY 15/07/2006:	     41      28       3      10      16 201261
DAY 16/07/2006:	     84      74       1      16      18 1016116
DAY 17/07/2006:	    126     104       6      13      11 692916
DAY 18/07/2006:	     78      65       0      14      15 322524
DAY 19/07/2006:	    129     117       5      23      20 1252638
DAY 20/07/2006:	    191     172       3      22      23 854178
DAY 21/07/2006:	     47      33       5      13      11 203435
DAY 22/07/2006:	    100      86       8      11      12 480383
DAY 23/07/2006:	     59      56       2       8       8 302929
DAY 24/07/2006:	    146     119      23      17      10 811134
DAY 25/07/2006:	    187      91      26      13      15 528365
DAY 26/07/2006:	    188     140      19      19      45 859192
DAY 27/07/2006:	    125     105       5      20      13 570816
DAY 28/07/2006:	    191     139      47      17      19 942082
DAY 29/07/2006:	     45      43       0       7       8 219408
DAY 30/07/2006:	     95      91       0      11      11 454137
CUR 31/07/2006:	      2       1       0       1       1 1327
checksum	   3287    2384     231     424     472 16936600

# MONTHLY COUNTERS for the last 12 months
LASTMON: 07/2006
MON 01/2006:	   9615    5764    1974    1428     641 64985204
MON 02/2006:	   8815    5583    1546    1535     623 60695940
MON 03/2006:	   8359    5126    1852    1330     680 53741940
MON 04/2006:	   3692    2821     435     503     453 19391052
MON 05/2006:	   2966    2319     255     441     477 20278740
MON 06/2006:	   3840    2978     312     636     535 32442848
MON 07/2005:	   2665    2206      60     479     428 13854283
MON 08/2005:	  11864    8125    3205     711    1415 40472532
MON 09/2005:	   8139    5026    2440     672    1132 28169798
MON 10/2005:	  26105   12128   11866    2599    1207 135049984
MON 11/2005:	   8996    5579    2594    1182     616 92994896
MON 12/2005:	   5297    3114    1100     829     386 61236324
checksum	 100353   60769   27639   12345    8593 623313572

