# WWW History 2.4
# DAILY COUNTERS for summary period 1-31 May 2006
DAY 01/05/2006:	    113      91      18      16      14 420595
DAY 02/05/2006:	    138     122      12      17      12 940617
DAY 03/05/2006:	    221     131      13      21      17 3885321
DAY 04/05/2006:	     68      62       0      10       9 969698
DAY 05/05/2006:	     68      38       0       8      10 207564
DAY 06/05/2006:	     84      49       0      10      23 255277
DAY 07/05/2006:	     50      41       0      10      16 221196
DAY 08/05/2006:	    180     145      31      20      12 1821222
DAY 09/05/2006:	    105      83      15      12      19 395858
DAY 10/05/2006:	    129     124       0      18      30 1177110
DAY 11/05/2006:	    131     114       3      15      19 635298
DAY 12/05/2006:	     82      63      11      12      13 358768
DAY 13/05/2006:	     93      68       0      12      16 387785
DAY 14/05/2006:	     30      21       0       6      11 131401
DAY 15/05/2006:	     79      59       0       8      10 306936
DAY 16/05/2006:	    136     103      23      15      17 682658
DAY 17/05/2006:	     73      58       6      11      11 323249
DAY 18/05/2006:	    107      99       3      15      16 554357
DAY 19/05/2006:	     67      55       2      12      17 324738
DAY 20/05/2006:	     60      44       9      15      17 230878
DAY 21/05/2006:	     66      43      20      19      12 230856
DAY 22/05/2006:	    118     102       8      20      18 544191
DAY 23/05/2006:	     80      69       0      13      12 345639
DAY 24/05/2006:	    161     145       8      28      22 842453
DAY 25/05/2006:	    104      80      21      12      10 468854
DAY 26/05/2006:	     73      46      18      23      11 196509
DAY 27/05/2006:	     44      28       0      10      15 180128
DAY 28/05/2006:	     21      18       0       7       6 75184
DAY 29/05/2006:	     83      64       5      14      16 1018149
DAY 30/05/2006:	     91      66      18      13      26 515345
CUR 31/05/2006:	     20      20       0       2       2 118093
checksum	   2875    2251     244     424     459 18765980

# MONTHLY COUNTERS for the last 12 months
LASTMON: 05/2006
MON 01/2006:	   9615    5764    1974    1428     641 64985204
MON 02/2006:	   8815    5583    1546    1535     623 60695940
MON 03/2006:	   8359    5126    1852    1330     680 53741940
MON 04/2006:	   3692    2821     435     503     453 19391052
MON 05/2005:	   2370    1912     122     426     411 14596330
MON 06/2005:	   2633    2072     139     651     358 20030014
MON 07/2005:	   2665    2206      60     479     428 13854283
MON 08/2005:	  11864    8125    3205     711    1415 40472532
MON 09/2005:	   8139    5026    2440     672    1132 28169798
MON 10/2005:	  26105   12128   11866    2599    1207 135049984
MON 11/2005:	   8996    5579    2594    1182     616 92994896
MON 12/2005:	   5297    3114    1100     829     386 61236324
checksum	  98550   59456   27333   12345    8350 605218340

