# WWW History 2.4
# DAILY COUNTERS for summary period 1-30 Nov 2005
DAY 01/11/2005:	    255     170      37      53      16 2399127
DAY 02/11/2005:	    563     314     237      44      47 2935994
DAY 03/11/2005:	    238     126     109      23      15 979215
DAY 04/11/2005:	    168      56     109      15       8 392632
DAY 05/11/2005:	     83      77       1      13      28 476126
DAY 06/11/2005:	    188     108      73      20      32 722330
DAY 07/11/2005:	    758     539     182      95      39 5069571
DAY 08/11/2005:	    323     219      70      58      20 2094454
DAY 09/11/2005:	    658     361     257      61      26 3799916
DAY 10/11/2005:	    418     227     159      38      20 2131221
DAY 11/11/2005:	    336     215      83      31      21 2117542
DAY 12/11/2005:	     52      31      17      26      20 422891
DAY 13/11/2005:	    350     272      21      72      14 3330470
DAY 14/11/2005:	    547     252     247      37      18 2454979
DAY 15/11/2005:	    282     197      50      34      19 1704099
DAY 16/11/2005:	    502     361     127      62      44 3996273
DAY 17/11/2005:	    147     100      41      17      17 611290
DAY 18/11/2005:	    225     156      33      36      15 1417883
DAY 19/11/2005:	    221     138      76      22      15 992556
DAY 20/11/2005:	    157     121       8      61      10 1749370
DAY 21/11/2005:	    555     415      68      68      22 4526405
DAY 22/11/2005:	    371     147     214      24      14 1227529
DAY 23/11/2005:	    247      86     124      27      19 872827
DAY 24/11/2005:	     58      20      33       9      10 272390
DAY 25/11/2005:	    237     150      16      58      14 18170748
DAY 26/11/2005:	    118      99       9      15      14 860652
DAY 27/11/2005:	     40      39       0      11       7 289327
DAY 28/11/2005:	    476     337      65      95      24 24439764
DAY 29/11/2005:	    137      98      30      21      32 732311
CUR 30/11/2005:	      0       0       0       0       0 0
checksum	   8710    5431    2496    1146     600 91189680

# MONTHLY COUNTERS for the last 12 months
LASTMON: 11/2005
MON 01/2005:	   3028    1489      29     718     242 21442044
MON 02/2005:	   7071    5147    1237     662     956 33868132
MON 03/2005:	   4791    3841     530     669     724 24065214
MON 04/2005:	   4425    3465     616     487    1469 37547208
MON 05/2005:	   2370    1912     122     426     411 14596330
MON 06/2005:	   2633    2072     139     651     358 20030014
MON 07/2005:	   2665    2206      60     479     428 13854283
MON 08/2005:	  11864    8125    3205     711    1415 40472532
MON 09/2005:	   8139    5026    2440     672    1132 28169798
MON 10/2005:	  26105   12128   11866    2599    1207 135049984
MON 11/2004:	   1415    1140     141     299     195 9045687
MON 12/2004:	   3937    1748     101    1012     263 29484112
checksum	  78443   48299   20486    9385    8800 407625360

