# WWW History 2.4
# DAILY COUNTERS for summary period 1-26 Apr 2009
DAY 01/04/2009:	    195     112       5      18      55 18006198
DAY 02/04/2009:	    214      81       6      19      58 29610878
DAY 03/04/2009:	    150      81       7      26      49 16660609
DAY 04/04/2009:	    281     145       7      45      82 13722997
DAY 05/04/2009:	    300     205       3      28      48 20353298
DAY 06/04/2009:	    217     150       2      26      50 22547578
DAY 07/04/2009:	    614     237       4      44      66 61501324
DAY 08/04/2009:	    241     164       5      27      46 95001160
DAY 09/04/2009:	    298     136       5      25      59 40572836
DAY 10/04/2009:	    314     182       3      35      88 10713521
DAY 11/04/2009:	    224     115      10      19      61 18716784
DAY 12/04/2009:	    178     113       4      29      50 13078230
DAY 13/04/2009:	    281     214       6      32      59 43248192
DAY 14/04/2009:	    207     126      26      28      34 4653314
DAY 15/04/2009:	    272     190      14      37      50 14151843
DAY 16/04/2009:	    268     210       3      37      40 57332916
DAY 17/04/2009:	    292     218       3      33      37 6924018
DAY 18/04/2009:	    312     176      28      27      34 23125588
DAY 19/04/2009:	    172     146       3      32      48 17219396
DAY 20/04/2009:	    270     189       1      31      44 18048518
DAY 21/04/2009:	    239     194      10      30      38 9027918
DAY 22/04/2009:	    250     196       2      40      39 24804508
DAY 23/04/2009:	    153     106       5      27      33 12003204
DAY 24/04/2009:	    206     115       2      20      42 20011632
DAY 25/04/2009:	    229     167      10      41      53 62273556
CUR 26/04/2009:	     14      13       0       2       2 338440
checksum	   6391    3981     174     758    1265 673649280

# MONTHLY COUNTERS for the last 12 months
LASTMON: 04/2009
MON 01/2009:	   6882    4897     388    1019    1048 790393920
MON 02/2009:	   6519    4832     442     921     967 711624576
MON 03/2009:	   7243    4898     400     960    1467 608187136
MON 04/2008:	   7211    5179     372     967    1036 319414624
MON 05/2008:	   5578    3910     550     842     949 445832480
MON 06/2008:	   6708    5315     398    1280    1053 446930016
MON 07/2008:	  11574    8555    1024    1586    1873 495077632
MON 08/2008:	   9017    6883     663    1257    1309 1520023424
MON 09/2008:	  11297    6352     370     957    1189 773334144
MON 10/2008:	   8494    6319     514    1112    1192 660584576
MON 11/2008:	   7669    5667     565    1044    1083 974557120
MON 12/2008:	   7107    5415     488    1076    1087 832549568
checksum	  95299   68222    6174   13021   14253 8578508992

