# WWW History 2.4
# DAILY COUNTERS for summary period 1-31 Aug 2006
DAY 01/08/2006:	     66      60       1      13      12 1019119
DAY 02/08/2006:	     32      23       7       4       3 177743
DAY 03/08/2006:	    123     114       0      28      20 553681
DAY 04/08/2006:	     79      72       0      19      11 311482
DAY 05/08/2006:	    105      68       0      12      14 328663
DAY 06/08/2006:	     87      81       0      11       9 393015
DAY 07/08/2006:	    116     103       0      19      22 566641
DAY 08/08/2006:	    385     264      52      54      24 11116884
DAY 09/08/2006:	    116     103       0      13      14 497704
DAY 10/08/2006:	     89      76       1      15       9 467410
DAY 11/08/2006:	    116     105       1      14      13 1121019
DAY 12/08/2006:	     52      38      14       4       5 235543
DAY 13/08/2006:	     55      44       4      17      11 344402
DAY 14/08/2006:	    163      94      41      25      32 621683
DAY 15/08/2006:	     42      41       0       7       8 239740
DAY 16/08/2006:	    304     236      38      39      19 5885412
DAY 17/08/2006:	    368     218      79      60      23 1564975
DAY 18/08/2006:	    112      75      21      15      13 674696
DAY 19/08/2006:	     49      35       0      10       9 339162
DAY 20/08/2006:	     21      15       0       5       6 141801
DAY 21/08/2006:	    123      68      26      23      16 4574348
DAY 22/08/2006:	    102      82       6      18      11 693474
DAY 23/08/2006:	    204     152      15      39      13 1140858
DAY 24/08/2006:	    119      95      12      14      13 762864
DAY 25/08/2006:	     86      77       0      11      11 1159801
DAY 26/08/2006:	    135     116       6      21      13 842630
DAY 27/08/2006:	     58      33      16      12      13 212875
DAY 28/08/2006:	     59      42       5      14      15 299109
DAY 29/08/2006:	     78      63       0      14       8 576036
DAY 30/08/2006:	    119     108       0      17      11 1366767
CUR 31/08/2006:	      9       7       0       2       2 73137
checksum	   3572    2708     345     569     403 38302804

# MONTHLY COUNTERS for the last 12 months
LASTMON: 08/2006
MON 01/2006:	   9615    5764    1974    1428     641 64985204
MON 02/2006:	   8815    5583    1546    1535     623 60695940
MON 03/2006:	   8359    5126    1852    1330     680 53741940
MON 04/2006:	   3692    2821     435     503     453 19391052
MON 05/2006:	   2966    2319     255     441     477 20278740
MON 06/2006:	   3840    2978     312     636     535 32442848
MON 07/2006:	   3432    2491     267     438     480 17567004
MON 08/2005:	  11864    8125    3205     711    1415 40472532
MON 09/2005:	   8139    5026    2440     672    1132 28169798
MON 10/2005:	  26105   12128   11866    2599    1207 135049984
MON 11/2005:	   8996    5579    2594    1182     616 92994896
MON 12/2005:	   5297    3114    1100     829     386 61236324
checksum	 101120   61054   27846   12304    8645 627026276

