# WWW History 2.4
# DAILY COUNTERS for summary period 1-31 May 2005
DAY 01/05/2005:	     88      73       8      23      16 558436
DAY 02/05/2005:	     57      43       0      17      17 374144
DAY 03/05/2005:	     62      48       1      17      13 527970
DAY 04/05/2005:	     90      77       3      17      32 590678
DAY 05/05/2005:	     37      29       4       9       9 187902
DAY 06/05/2005:	    106      80      12      10      17 589620
DAY 07/05/2005:	     46      43       0       6       5 212936
DAY 08/05/2005:	     10       6       0       6       5 19925
DAY 09/05/2005:	     66      62       0       8       9 394393
DAY 10/05/2005:	     65      57       0      12      10 403219
DAY 11/05/2005:	    118      85      13      32      14 892474
DAY 12/05/2005:	     57      52       1       7       6 431662
DAY 13/05/2005:	     73      68       0      13      11 438146
DAY 14/05/2005:	     33      18       0       7      13 86403
DAY 15/05/2005:	     27      22       0      21      15 414272
DAY 16/05/2005:	     74      52      14       7       9 294763
DAY 17/05/2005:	     29      22       3       5       6 108876
DAY 18/05/2005:	    121      79      35      15      27 416078
DAY 19/05/2005:	     83      78       0      13      27 547871
DAY 20/05/2005:	    144     134       1      21      15 730143
DAY 21/05/2005:	     38      26       6       6       6 206641
DAY 22/05/2005:	     33      30       0      11       9 134552
DAY 23/05/2005:	    249     205       0      35      10 1138599
DAY 24/05/2005:	     79      64       2      13      12 353582
DAY 25/05/2005:	    117      98       0      28      21 1091996
DAY 26/05/2005:	     59      20       1       8      12 131110
DAY 27/05/2005:	     42      24       0      10      12 200386
DAY 28/05/2005:	     48      45       0       7       5 330565
DAY 29/05/2005:	    120     105       2      18      28 512248
DAY 30/05/2005:	    114      93      16      13       9 1816342
CUR 31/05/2005:	      0       0       0       0       0 0
checksum	   2285    1838     122     415     400 14135932

# MONTHLY COUNTERS for the last 12 months
LASTMON: 05/2005
MON 01/2005:	   3028    1489      29     718     242 21442044
MON 02/2005:	   7071    5147    1237     662     956 33868132
MON 03/2005:	   4791    3841     530     669     724 24065214
MON 04/2005:	   4425    3465     616     487    1469 37547208
MON 05/2004:	    860     756      72     137     102 4059782
MON 06/2004:	   5168    4378     706     486    1387 36222584
MON 07/2004:	   1621    1330     193     257     324 10325291
MON 08/2004:	   1877    1550     156     420     306 11860578
MON 09/2004:	   4505    3441     574     875     591 29162940
MON 10/2004:	   2544    2079     155     578     295 19956848
MON 11/2004:	   1415    1140     141     299     195 9045687
MON 12/2004:	   3937    1748     101    1012     263 29484112
checksum	  41242   30364    4510    6600    6854 267040416

