# WWW History 2.4
# DAILY COUNTERS for summary period 1-26 Nov 2007
DAY 01/11/2007:	    166     131      20      35      51 3226654
DAY 02/11/2007:	    246     185      29      31      44 10186546
DAY 03/11/2007:	     72      57       0       9       6 7459332
DAY 04/11/2007:	     12       8       3       2       8 67069
DAY 05/11/2007:	     98      83       1      14      19 4927671
DAY 06/11/2007:	    296     241      44      19     183 8067602
DAY 07/11/2007:	    593     470     102      49     247 16815884
DAY 08/11/2007:	    185     155      11      25      52 3728142
DAY 09/11/2007:	    198     173       9      23      41 3485903
DAY 10/11/2007:	    272     231      17      26      51 9784116
DAY 11/11/2007:	    307     185      11      23      45 29482784
DAY 12/11/2007:	    399     342       9      46      53 25349996
DAY 13/11/2007:	    247     219       6      39      46 7497100
DAY 14/11/2007:	    317     275      18      42      51 11480719
DAY 15/11/2007:	    305     261      20      38      43 9843801
DAY 16/11/2007:	    164     146       3      14      30 28774574
DAY 17/11/2007:	    223     174       7      35      41 12347668
DAY 18/11/2007:	    224     183       7      31      36 3598740
DAY 19/11/2007:	    263     168      16      32      42 4502114
DAY 20/11/2007:	     72      52       3      10      28 12488560
DAY 21/11/2007:	    272     236       6      28      51 20491280
DAY 22/11/2007:	    201     180       1      27      52 4724768
DAY 23/11/2007:	    214     193       1      31      32 6463926
DAY 24/11/2007:	    181     158       3      25      35 36571064
DAY 25/11/2007:	    214     188       4      28      40 16783416
CUR 26/11/2007:	      3       2       0       0       2 907208
checksum	   5744    4696     351     682    1329 299056928

# MONTHLY COUNTERS for the last 12 months
LASTMON: 11/2007
MON 01/2007:	   3296    2242     223     611     695 227272928
MON 02/2007:	   2928    2096     108     487     516 187537792
MON 03/2007:	   5115    3397     260     745     834 267796512
MON 04/2007:	   7085    5508     314     938    1008 335933376
MON 05/2007:	   6045    4726     264     843    1103 340150176
MON 06/2007:	   6254    4563     519     892    1296 409996992
MON 07/2007:	   7212    5814     427    1003    1273 508835200
MON 08/2007:	   6518    5268     361     902    1071 338906240
MON 09/2007:	   5697    4641     289     759     915 341811648
MON 10/2007:	  10627    8184    1426    1090    2361 375619232
MON 11/2006:	   3922    3005     217     670     602 160107600
MON 12/2006:	   4368    3110     400     711     751 291001248
checksum	  69067   52554    4808    9651   12425 3784968864

