# WWW History 2.4
# DAILY COUNTERS for summary period 1-19 May 2009
DAY 01/05/2009:	    189     156       1      26      31 5784314
DAY 02/05/2009:	      0       0       0       0       0 0
DAY 03/05/2009:	    125      81       7      14      17 12263141
DAY 04/05/2009:	    281     220      12      41      41 12751384
DAY 05/05/2009:	    265     183      16      42      43 16731580
DAY 06/05/2009:	    320     203      18      66      45 24512748
DAY 07/05/2009:	    298     230       7      45      42 16147913
DAY 08/05/2009:	    138      94       3      32      40 10624729
DAY 09/05/2009:	    222     175       9      37      36 10293704
DAY 10/05/2009:	    177     127      10      46      38 12029576
DAY 11/05/2009:	    227     184       7      34      53 23660328
DAY 12/05/2009:	    210     167       5      48      39 34613164
DAY 13/05/2009:	    298     258       8      46      59 12531475
DAY 14/05/2009:	    284     235      14      42      47 16035628
DAY 15/05/2009:	    247     184       9      43      45 27396388
DAY 16/05/2009:	    197     145      10      29      38 7976932
DAY 17/05/2009:	    124      84       7      28      34 6303989
DAY 18/05/2009:	    213     149       9      34      47 3309256
CUR 19/05/2009:	     14      13       0       1       2 345796
checksum	   3829    2888     152     654     697 253312480

# MONTHLY COUNTERS for the last 12 months
LASTMON: 05/2009
MON 01/2009:	   6882    4897     388    1019    1048 790393920
MON 02/2009:	   6519    4832     442     921     967 711624576
MON 03/2009:	   7243    4898     400     960    1467 608187136
MON 04/2009:	   7542    4861     209     945    1469 736812992
MON 05/2008:	   5578    3910     550     842     949 445832480
MON 06/2008:	   6708    5315     398    1280    1053 446930016
MON 07/2008:	  11574    8555    1024    1586    1873 495077632
MON 08/2008:	   9017    6883     663    1257    1309 1520023424
MON 09/2008:	  11297    6352     370     957    1189 773334144
MON 10/2008:	   8494    6319     514    1112    1192 660584576
MON 11/2008:	   7669    5667     565    1044    1083 974557120
MON 12/2008:	   7107    5415     488    1076    1087 832549568
checksum	  95630   67904    6011   12999   14686 8995907264

