# WWW History 2.4
# DAILY COUNTERS for summary period 1-28 Feb 2005
DAY 01/02/2005:	    185     158      15      49      28 1335730
DAY 02/02/2005:	   2566    2031     499      69     309 9015010
DAY 03/02/2005:	    981     601     361      33     106 2723736
DAY 04/02/2005:	    274     201      65      13      30 1548498
DAY 05/02/2005:	    173      85      31       6      29 1103268
DAY 06/02/2005:	    649     204      43     134      34 4276664
DAY 07/02/2005:	    203     169      21      34      31 1186757
DAY 08/02/2005:	    244     187      50      24      45 1368498
DAY 09/02/2005:	     87      69       7      16      13 387818
DAY 10/02/2005:	    117     109       1      43      41 1193228
DAY 11/02/2005:	    226     169      47      25      25 1121978
DAY 12/02/2005:	    104      86      12      15      26 1286046
DAY 13/02/2005:	     36      33       0       7       9 159690
DAY 14/02/2005:	     76      67       1       8      10 932488
DAY 15/02/2005:	     59      57       0      12      13 336904
DAY 16/02/2005:	     96      87       0       6      13 487297
DAY 17/02/2005:	     98      77      14      11      21 449901
DAY 18/02/2005:	    122      85      32      12      25 485043
DAY 19/02/2005:	     14       9       0       7       8 62635
DAY 20/02/2005:	    138     127       0      48      41 1344450
DAY 21/02/2005:	    140     131       6      20      11 774596
DAY 22/02/2005:	    128     110       5      20      19 589708
DAY 23/02/2005:	     36      33       0       8       6 192581
DAY 24/02/2005:	     47      45       0       5       6 209626
DAY 25/02/2005:	     53      49       0       8       4 359399
DAY 26/02/2005:	     52      33      11      10      18 222396
DAY 27/02/2005:	     55      38       9       9      17 182886
CUR 28/02/2005:	      0       0       0       0       0 0
checksum	   6959    5050    1230     652     938 33336798

# MONTHLY COUNTERS for the last 12 months
LASTMON: 02/2005
MON 01/2005:	   3028    1489      29     718     242 21442044
MON 02/2004:	      0       0       0       0       0 0
MON 03/2004:	   2749    1792     612    1133      28 23268960
MON 04/2004:	   4580    2161    2136     662      77 17454910
MON 05/2004:	    860     756      72     137     102 4059782
MON 06/2004:	   5168    4378     706     486    1387 36222584
MON 07/2004:	   1621    1330     193     257     324 10325291
MON 08/2004:	   1877    1550     156     420     306 11860578
MON 09/2004:	   4505    3441     574     875     591 29162940
MON 10/2004:	   2544    2079     155     578     295 19956848
MON 11/2004:	   1415    1140     141     299     195 9045687
MON 12/2004:	   3937    1748     101    1012     263 29484112
checksum	  32284   21864    4875    6577    3810 212283728

