# WWW History 2.4
# DAILY COUNTERS for summary period 1-31 Jan 2009
DAY 01/01/2009:	    121      80      15      34      28 17944846
DAY 02/01/2009:	    247     198      22      43      28 22677644
DAY 03/01/2009:	    130     100       7      39      27 13853748
DAY 04/01/2009:	    155     123       6      20      24 22831284
DAY 05/01/2009:	    176     139       9      19      26 13320488
DAY 06/01/2009:	    234     198       5      48      35 25309748
DAY 07/01/2009:	    244     181       7      39      49 18807594
DAY 08/01/2009:	    629     267      21      53      83 49208472
DAY 09/01/2009:	    220     130       3      23      34 21697728
DAY 10/01/2009:	    288     230       7      26      31 21074368
DAY 11/01/2009:	    227     142      12      46      30 20274016
DAY 12/01/2009:	    174     122       8      27      36 25106066
DAY 13/01/2009:	    196     145      12      30      28 27533812
DAY 14/01/2009:	    169     143       6      22      26 28133512
DAY 15/01/2009:	    291     244       9      52      39 37829868
DAY 16/01/2009:	    181     148       4      22      27 23363348
DAY 17/01/2009:	    118      62      13      12      25 17406450
DAY 18/01/2009:	    196     137       6      26      32 51799648
DAY 19/01/2009:	    246     176       2      48      34 13322288
DAY 20/01/2009:	    261     191       8      30      39 38000024
DAY 21/01/2009:	    265     192      23      40      33 23660548
DAY 22/01/2009:	    241     192      11      40      32 13767801
DAY 23/01/2009:	    221     179      14      26      29 21963432
DAY 24/01/2009:	    174     128      18      22      40 16566948
DAY 25/01/2009:	    168     129       8      20      29 20406772
DAY 26/01/2009:	    250     177      34      39      36 21737048
DAY 27/01/2009:	    390     304      24      53      28 41067084
DAY 28/01/2009:	    177     120      11      37      43 51747664
DAY 29/01/2009:	    162     113      15      37      35 36374748
DAY 30/01/2009:	    115      61       7      21      31 10963807
CUR 31/01/2009:	     18      17       0       2       2 110085
checksum	   6684    4768     347     996    1019 767852992

# MONTHLY COUNTERS for the last 12 months
LASTMON: 01/2009
MON 01/2008:	   7063    5721     351    1019    1068 265284272
MON 02/2008:	   8269    6079     486    1115    1587 298924032
MON 03/2008:	   7347    5771     435    1160    1477 294708128
MON 04/2008:	   7211    5179     372     967    1036 319414624
MON 05/2008:	   5578    3910     550     842     949 445832480
MON 06/2008:	   6708    5315     398    1280    1053 446930016
MON 07/2008:	  11574    8555    1024    1586    1873 495077632
MON 08/2008:	   9017    6883     663    1257    1309 1520023424
MON 09/2008:	  11297    6352     370     957    1189 773334144
MON 10/2008:	   8494    6319     514    1112    1192 660584576
MON 11/2008:	   7669    5667     565    1044    1083 974557120
MON 12/2008:	   7107    5415     488    1076    1087 832549568
checksum	  97334   71166    6216   13415   14903 7327219904

