# WWW History 2.4
# DAILY COUNTERS for summary period 1-28 Oct 2008
DAY 01/10/2008:	    407     305      37      44      71 14633461
DAY 02/10/2008:	    271     183      46      36      38 16947036
DAY 03/10/2008:	    302     200      13      40      38 11183171
DAY 04/10/2008:	    221     174       6      27      40 6438760
DAY 05/10/2008:	    255     190      14      34      31 42183180
DAY 06/10/2008:	    302     254      16      31      36 12058992
DAY 07/10/2008:	    268     213      22      35      36 52760252
DAY 08/10/2008:	    394     300      50      60      44 7127528
DAY 09/10/2008:	    231     153      26      21      33 17029232
DAY 10/10/2008:	    221     153      12      27      27 22045720
DAY 11/10/2008:	    151      83       9      34      25 12498130
DAY 12/10/2008:	    136     116       4      14      20 3287989
DAY 13/10/2008:	    321     238      26      42      46 36765048
DAY 14/10/2008:	    340     262       3      55      34 6913080
DAY 15/10/2008:	    223     189       7      27      31 3410518
DAY 16/10/2008:	    243     169      35      39      32 37475784
DAY 17/10/2008:	    321     241      13      37      31 38134452
DAY 18/10/2008:	    286     222       6      47      59 5720470
DAY 19/10/2008:	    287     188       9      32      46 9665135
DAY 20/10/2008:	    323     210      15      44      48 12545668
DAY 21/10/2008:	    247     204       9      32      45 27073664
DAY 22/10/2008:	    359     289       8      52      40 11983557
DAY 23/10/2008:	    283     195       4      26      31 44915152
DAY 24/10/2008:	    273     181       3      27      35 21753736
DAY 25/10/2008:	    260     182      25      37      42 50484040
DAY 26/10/2008:	    181     127      13      22      26 18928228
DAY 27/10/2008:	    347     268      34      40      37 73168712
CUR 28/10/2008:	      2       1       0       0       1 890021
checksum	   7455    5490     465     962    1023 618019648

# MONTHLY COUNTERS for the last 12 months
LASTMON: 10/2008
MON 01/2008:	   7063    5721     351    1019    1068 265284272
MON 02/2008:	   8269    6079     486    1115    1587 298924032
MON 03/2008:	   7347    5771     435    1160    1477 294708128
MON 04/2008:	   7211    5179     372     967    1036 319414624
MON 05/2008:	   5578    3910     550     842     949 445832480
MON 06/2008:	   6708    5315     398    1280    1053 446930016
MON 07/2008:	  11574    8555    1024    1586    1873 495077632
MON 08/2008:	   9017    6883     663    1257    1309 1520023424
MON 09/2008:	  11297    6352     370     957    1189 773334144
MON 10/2007:	  10627    8184    1426    1090    2361 375619232
MON 11/2007:	   6858    5623     406     823    1561 361880640
MON 12/2007:	   6022    4950     337     830    1091 357889920
checksum	  97571   72522    6818   12926   16554 5954918272

