# WWW History 2.4
# DAILY COUNTERS for summary period 1-17 Feb 2006
DAY 01/02/2006:	    569     415      70      62      60 4314017
DAY 02/02/2006:	    129      73      15      27       7 912745
DAY 03/02/2006:	    239     174       0      82      15 2480515
DAY 04/02/2006:	    157      95      24      33      13 946973
DAY 05/02/2006:	    204     125      29      43       7 1732344
DAY 06/02/2006:	    142      94      16      45      36 1210926
DAY 07/02/2006:	    254     166      31      51      13 2124042
DAY 08/02/2006:	    283     187      41      48      18 1745633
DAY 09/02/2006:	    106      60       8      28       8 753730
DAY 10/02/2006:	    182      98      35      50      21 1602365
DAY 11/02/2006:	    237     127      51      36      28 970812
DAY 12/02/2006:	    225     169       4      54      10 2203678
DAY 13/02/2006:	    344     183     124      37      10 1917558
DAY 14/02/2006:	    248     160      20      80      26 2455213
DAY 15/02/2006:	    385     193     135      35      16 1781127
DAY 16/02/2006:	    206     114      62      24      11 2023955
CUR 17/02/2006:	      0       0       0       0       0 0
checksum	   3910    2433     665     735     299 29175532

# MONTHLY COUNTERS for the last 12 months
LASTMON: 02/2006
MON 01/2006:	   9615    5764    1974    1428     641 64985204
MON 02/2005:	   7071    5147    1237     662     956 33868132
MON 03/2005:	   4791    3841     530     669     724 24065214
MON 04/2005:	   4425    3465     616     487    1469 37547208
MON 05/2005:	   2370    1912     122     426     411 14596330
MON 06/2005:	   2633    2072     139     651     358 20030014
MON 07/2005:	   2665    2206      60     479     428 13854283
MON 08/2005:	  11864    8125    3205     711    1415 40472532
MON 09/2005:	   8139    5026    2440     672    1132 28169798
MON 10/2005:	  26105   12128   11866    2599    1207 135049984
MON 11/2005:	   8996    5579    2594    1182     616 92994896
MON 12/2005:	   5297    3114    1100     829     386 61236324
checksum	  93971   58379   25883   10795    9743 566869924

