# WWW History 2.4
# DAILY COUNTERS for summary period 1-31 May 2007
DAY 01/05/2007:	    161     128       1      31      45 19478276
DAY 02/05/2007:	    236     184      10      27      36 7337031
DAY 03/05/2007:	    178     147       3      20      25 19177784
DAY 04/05/2007:	     92      70       1      16      23 18288404
DAY 05/05/2007:	    107      81       7      26      19 1714312
DAY 06/05/2007:	    241     164      39      29      26 13128508
DAY 07/05/2007:	    244     205       8      37      30 10351948
DAY 08/05/2007:	    138     119       2      20      21 2951417
DAY 09/05/2007:	    150     127       1      26      43 11534294
DAY 10/05/2007:	    205     170       3      24      36 22623252
DAY 11/05/2007:	    279     224      33      38      37 9562438
DAY 12/05/2007:	    104      78      12      13      33 2943200
DAY 13/05/2007:	    211     143      15      20      39 14455254
DAY 14/05/2007:	    189     139      13      28      29 13066886
DAY 15/05/2007:	    271     219      24      37      31 5579182
DAY 16/05/2007:	    161     132       3      28      36 4373296
DAY 17/05/2007:	    161     104       6      22      36 20024388
DAY 18/05/2007:	    170     131      17      19      26 10993299
DAY 19/05/2007:	    194     153       2      21      29 7166208
DAY 20/05/2007:	    176     141       5      24      28 23321074
DAY 21/05/2007:	    204     177       1      32      32 10496010
DAY 22/05/2007:	    205     147      18      34      28 5260861
DAY 23/05/2007:	    170     134       3      26      52 7427760
DAY 24/05/2007:	    192     139       5      32      52 14284039
DAY 25/05/2007:	    247     183       4      34      77 9299491
DAY 26/05/2007:	    251     228       1      41      37 5164515
DAY 27/05/2007:	    226     127      20      25      31 12614576
DAY 28/05/2007:	    115      98       0      12      20 4479131
DAY 29/05/2007:	    208     186       1      16      25 5628783
DAY 30/05/2007:	    224     171       5      27      56 7827247
CUR 31/05/2007:	      6       5       0       4       4 87385
checksum	   5716    4454     263     789    1042 320641152

# MONTHLY COUNTERS for the last 12 months
LASTMON: 05/2007
MON 01/2007:	   3296    2242     223     611     695 227272928
MON 02/2007:	   2928    2096     108     487     516 187537792
MON 03/2007:	   5115    3397     260     745     834 267796512
MON 04/2007:	   7085    5508     314     938    1008 335933376
MON 05/2006:	   2966    2319     255     441     477 20278740
MON 06/2006:	   3840    2978     312     636     535 32442848
MON 07/2006:	   3432    2491     267     438     480 17567004
MON 08/2006:	   3701    2807     351     597     423 39267152
MON 09/2006:	   5384    3970     655     806    1289 144089200
MON 10/2006:	   4552    3463     175     778     617 143016080
MON 11/2006:	   3922    3005     217     670     602 160107600
MON 12/2006:	   4368    3110     400     711     751 291001248
checksum	  50589   37386    3537    7858    8227 1866310560

