# WWW History 2.4
# DAILY COUNTERS for summary period 1-31 Jan 2008
DAY 01/01/2008:	    155     131       3      15      28 9624038
DAY 02/01/2008:	    265     228      11      27      33 10715404
DAY 03/01/2008:	    289     242      25      48      41 12925781
DAY 04/01/2008:	    110      98       0      20      27 2579093
DAY 05/01/2008:	    237     102       8      21      30 6814422
DAY 06/01/2008:	     72      65       0      17      29 3781199
DAY 07/01/2008:	    133     107      11      18      30 9127006
DAY 08/01/2008:	    223     200       4      33      43 5951328
DAY 09/01/2008:	    242     189       3      35      37 11238856
DAY 10/01/2008:	    205     157      25      24      34 12986806
DAY 11/01/2008:	    177     137      24      28      25 7443104
DAY 12/01/2008:	    178     155       1      24      37 3283546
DAY 13/01/2008:	    246     220       0      34      44 12240109
DAY 14/01/2008:	    221     177      21      31      32 5293274
DAY 15/01/2008:	    306     257      23      41      45 8291287
DAY 16/01/2008:	    232     198       9      39      37 8095578
DAY 17/01/2008:	    227     202       4      25      27 8328274
DAY 18/01/2008:	     84      63       4      24      23 3910304
DAY 19/01/2008:	    221     195       3      20      39 17744604
DAY 20/01/2008:	    112      95       2      20      26 4898872
DAY 21/01/2008:	    350     300      16      50      37 15726341
DAY 22/01/2008:	    778     542      69     131      35 24864360
DAY 23/01/2008:	    194     178       3      21      33 5033042
DAY 24/01/2008:	    193     120       0      31      29 1624386
DAY 25/01/2008:	    257     231       2      30      35 5323342
DAY 26/01/2008:	    198     155       6      23      33 11110578
DAY 27/01/2008:	    149     131       3      25      27 5425652
DAY 28/01/2008:	    174     111      42      23      26 1359400
DAY 29/01/2008:	    176     146      10      46      35 11100690
DAY 30/01/2008:	    433     396      10      58      76 9711163
CUR 31/01/2008:	      3       1       0       1       1 23527
checksum	   6840    5529     342     983    1034 256577360

# MONTHLY COUNTERS for the last 12 months
LASTMON: 01/2008
MON 01/2007:	   3296    2242     223     611     695 227272928
MON 02/2007:	   2928    2096     108     487     516 187537792
MON 03/2007:	   5115    3397     260     745     834 267796512
MON 04/2007:	   7085    5508     314     938    1008 335933376
MON 05/2007:	   6045    4726     264     843    1103 340150176
MON 06/2007:	   6254    4563     519     892    1296 409996992
MON 07/2007:	   7212    5814     427    1003    1273 508835200
MON 08/2007:	   6518    5268     361     902    1071 338906240
MON 09/2007:	   5697    4641     289     759     915 341811648
MON 10/2007:	  10627    8184    1426    1090    2361 375619232
MON 11/2007:	   6858    5623     406     823    1561 361880640
MON 12/2007:	   6022    4950     337     830    1091 357889920
checksum	  73657   57012    4934    9923   13724 4053630592

