# WWW History 2.4
# DAILY COUNTERS for summary period 1-31 Jan 2005
DAY 01/01/2005:	     26      23       0       5       5 110620
DAY 02/01/2005:	     25      22       0       4       2 99584
DAY 03/01/2005:	     49      43       0       6       6 197427
DAY 04/01/2005:	     45      39       2       5       3 180958
DAY 05/01/2005:	      2       1       0       1       1 2234
DAY 06/01/2005:	      7       4       0       2       2 17482
DAY 07/01/2005:	     52      43       0      24       2 620234
DAY 08/01/2005:	     27      24       0       7      23 136045
DAY 09/01/2005:	      6       4       0       4       2 16364
DAY 10/01/2005:	     19      18       0       2       2 81387
DAY 11/01/2005:	     73      65       0      10      10 377181
DAY 12/01/2005:	     23      23       0       3       2 134282
DAY 13/01/2005:	     57      51       0      12       9 268691
DAY 14/01/2005:	     68      63       0      23      16 631027
DAY 15/01/2005:	     39      34       0      16      28 349980
DAY 16/01/2005:	      4       3       0       2       4 19637
DAY 17/01/2005:	     11       7       0       7       5 21136
DAY 18/01/2005:	     27      23       0       3      24 145418
DAY 19/01/2005:	     66      62       1       8       6 339213
DAY 20/01/2005:	     60      57       0       7       7 352285
DAY 21/01/2005:	     17      17       0       1       1 80048
DAY 22/01/2005:	     59      57       0       5       5 397405
DAY 23/01/2005:	     91      73       0      57       4 1054541
DAY 24/01/2005:	    171     137       0      89      12 2625506
DAY 25/01/2005:	    178     117       0      99       6 3292848
DAY 26/01/2005:	    701     203      10     142       7 4476037
DAY 27/01/2005:	    933     125       5     119       5 3983138
DAY 28/01/2005:	     42      32       0       6       3 154751
DAY 29/01/2005:	    101      83      11      26      21 762485
DAY 30/01/2005:	     23      18       0      18      10 414022
CUR 31/01/2005:	      0       0       0       0       0 0
checksum	   3002    1471      29     713     233 21341488

# MONTHLY COUNTERS for the last 12 months
LASTMON: 01/2005
MON 01/2004:	      0       0       0       0       0 0
MON 02/2004:	      0       0       0       0       0 0
MON 03/2004:	   2749    1792     612    1133      28 23268960
MON 04/2004:	   4580    2161    2136     662      77 17454910
MON 05/2004:	    860     756      72     137     102 4059782
MON 06/2004:	   5168    4378     706     486    1387 36222584
MON 07/2004:	   1621    1330     193     257     324 10325291
MON 08/2004:	   1877    1550     156     420     306 11860578
MON 09/2004:	   4505    3441     574     875     591 29162940
MON 10/2004:	   2544    2079     155     578     295 19956848
MON 11/2004:	   1415    1140     141     299     195 9045687
MON 12/2004:	   3937    1748     101    1012     263 29484112
checksum	  29256   20375    4846    5859    3568 190841680

