# WWW History 2.4
# DAILY COUNTERS for summary period 1-28 Feb 2009
DAY 01/02/2009:	    129      44       6      18      32 22894856
DAY 02/02/2009:	    203     149      29      26      28 17664286
DAY 03/02/2009:	    177     147       7      34      31 11982138
DAY 04/02/2009:	    198     150      10      35      34 27707446
DAY 05/02/2009:	    194     133      22      25      29 9811806
DAY 06/02/2009:	    240     199       7      34      28 17441624
DAY 07/02/2009:	    226     143      12      28      43 51792856
DAY 08/02/2009:	    175     133      10      28      31 24764132
DAY 09/02/2009:	    251     171      13      35      37 42122156
DAY 10/02/2009:	    215     167       5      34      31 17813060
DAY 11/02/2009:	    236     157      10      36      55 25028988
DAY 12/02/2009:	    356     237      86      41      33 35618136
DAY 13/02/2009:	    477     395       7      44      35 29116876
DAY 14/02/2009:	    178     132       7      31      40 27553124
DAY 15/02/2009:	    193     161       3      25      26 16903248
DAY 16/02/2009:	    297     228       5      32      34 29206716
DAY 17/02/2009:	    264     199      33      33      42 18615048
DAY 18/02/2009:	    210     169      15      25      28 36709720
DAY 19/02/2009:	    357     247      39      55      36 49274832
DAY 20/02/2009:	    274     225      27      31      34 19294464
DAY 21/02/2009:	    170     130      12      34      30 21978120
DAY 22/02/2009:	    138     105       7      33      31 14270510
DAY 23/02/2009:	    150     114      14      26      25 23223850
DAY 24/02/2009:	    138      87       9      26      24 9658615
DAY 25/02/2009:	    440     322      22      41      45 51920308
DAY 26/02/2009:	    284     227       9      49      69 12404273
DAY 27/02/2009:	    206     159       8      37      28 33574016
CUR 28/02/2009:	      8       7       0       3       2 36726
checksum	   6384    4737     434     899     941 698376192

# MONTHLY COUNTERS for the last 12 months
LASTMON: 02/2009
MON 01/2009:	   6882    4897     388    1019    1048 790393920
MON 02/2008:	   8269    6079     486    1115    1587 298924032
MON 03/2008:	   7347    5771     435    1160    1477 294708128
MON 04/2008:	   7211    5179     372     967    1036 319414624
MON 05/2008:	   5578    3910     550     842     949 445832480
MON 06/2008:	   6708    5315     398    1280    1053 446930016
MON 07/2008:	  11574    8555    1024    1586    1873 495077632
MON 08/2008:	   9017    6883     663    1257    1309 1520023424
MON 09/2008:	  11297    6352     370     957    1189 773334144
MON 10/2008:	   8494    6319     514    1112    1192 660584576
MON 11/2008:	   7669    5667     565    1044    1083 974557120
MON 12/2008:	   7107    5415     488    1076    1087 832549568
checksum	  97153   70342    6253   13415   14883 7852329152

