# WWW History 2.4
# DAILY COUNTERS for summary period 1-30 Jun 2004
DAY 01/06/2004:	     87      69      18      11      22 356026
DAY 02/06/2004:	     21      21       0       3       2 97109
DAY 03/06/2004:	     66      62       0       8       5 326583
DAY 04/06/2004:	     22      20       0       2       2 96432
DAY 05/06/2004:	     71      45      22       8       3 225379
DAY 06/06/2004:	     56      54       1       7       6 481600
DAY 07/06/2004:	    109     105       1      13      47 539408
DAY 08/06/2004:	    101      77      23      11       6 450120
DAY 09/06/2004:	    991     893      88      83     241 7736665
DAY 10/06/2004:	   1052     896     148      82     280 8581880
DAY 11/06/2004:	    674     576      89      50     206 4756987
DAY 12/06/2004:	    393     316      72      38      61 2252107
DAY 13/06/2004:	    168     152      14      10      70 1273894
DAY 14/06/2004:	    125      84      38       6      77 1066919
DAY 15/06/2004:	    190     130      60      18      58 1116183
DAY 16/06/2004:	    237     218      19      23      72 1361638
DAY 17/06/2004:	    199     165      31      18      30 1086732
DAY 18/06/2004:	     59      30      28       6       9 225238
DAY 19/06/2004:	     53      49       4       4      10 346679
DAY 20/06/2004:	     28      25       2       2       8 181405
DAY 21/06/2004:	     77      59      14       8      23 454547
DAY 22/06/2004:	     62      51       8       6      19 369809
DAY 23/06/2004:	     44      43       1       4       8 273621
DAY 24/06/2004:	     28      24       4       2       7 164746
DAY 25/06/2004:	     71      53       5      46      29 1185456
DAY 26/06/2004:	     69      64       2       8      30 460789
DAY 27/06/2004:	     25      23       1       2       5 147764
DAY 28/06/2004:	     51      45       5       4      37 371339
DAY 29/06/2004:	     34      26       7       3       9 183261
CUR 30/06/2004:	      1       1       0       0       1 17187
checksum	   5164    4376     705     486    1383 36188208

# MONTHLY COUNTERS for the last 12 months
LASTMON: 06/2004
MON 01/2004:	      0       0       0       0       0 0
MON 02/2004:	      0       0       0       0       0 0
MON 03/2004:	   2749    1792     612    1133      28 23268960
MON 04/2004:	   4580    2161    2136     662      77 17454910
MON 05/2004:	    860     756      72     137     102 4059782
MON 06/2003:	      0       0       0       0       0 0
MON 07/2003:	      0       0       0       0       0 0
MON 08/2003:	      0       0       0       0       0 0
MON 09/2003:	      0       0       0       0       0 0
MON 10/2003:	      0       0       0       0       0 0
MON 11/2003:	      0       0       0       0       0 0
MON 12/2003:	      0       0       0       0       0 0
checksum	   8189    4709    2820    1932     207 44783656

