# WWW History 2.4
# DAILY COUNTERS for summary period 1-21 Nov 2004
DAY 01/11/2004:	     65      43      16       7       6 217645
DAY 02/11/2004:	    134     105       5      74       5 2257397
DAY 03/11/2004:	     96      42      52      11       6 246525
DAY 04/11/2004:	     50      25      19       7       7 137324
DAY 05/11/2004:	      0       0       0       0       0 0
DAY 06/11/2004:	      2       1       0       1       2 1111
DAY 07/11/2004:	     25      21       0       3       2 108316
DAY 08/11/2004:	     46      43       0       7       6 264426
DAY 09/11/2004:	     40      36       0      16      13 353164
DAY 10/11/2004:	    100      93       0      32      16 898718
DAY 11/11/2004:	     76      48       5      10       3 334837
DAY 12/11/2004:	      2       1       0       1       2 11884
DAY 13/11/2004:	     48      37       5       5       3 201445
DAY 14/11/2004:	     34      32       0       3       3 165414
DAY 15/11/2004:	     76      72       0      10       8 365006
DAY 16/11/2004:	    142     139       0      14      27 798175
DAY 17/11/2004:	     47      27      19       7       3 105194
DAY 18/11/2004:	     42      36       5       4       3 200610
DAY 19/11/2004:	      3       1       0       0       3 17592
DAY 20/11/2004:	     33      28       0       8       7 131968
CUR 21/11/2004:	      2       1       0       1       1 2246
checksum	   1063     831     126     221     126 6818997

# MONTHLY COUNTERS for the last 12 months
LASTMON: 11/2004
MON 01/2004:	      0       0       0       0       0 0
MON 02/2004:	      0       0       0       0       0 0
MON 03/2004:	   2749    1792     612    1133      28 23268960
MON 04/2004:	   4580    2161    2136     662      77 17454910
MON 05/2004:	    860     756      72     137     102 4059782
MON 06/2004:	   5168    4378     706     486    1387 36222584
MON 07/2004:	   1621    1330     193     257     324 10325291
MON 08/2004:	   1877    1550     156     420     306 11860578
MON 09/2004:	   4505    3441     574     875     591 29162940
MON 10/2004:	   2544    2079     155     578     295 19956848
MON 11/2003:	      0       0       0       0       0 0
MON 12/2003:	      0       0       0       0       0 0
checksum	  23904   17487    4604    4548    3110 152311888

