# WWW History 2.4
# DAILY COUNTERS for summary period 1-31 Jul 2004
DAY 01/07/2004:	     79      63       0       9       7 373224
DAY 02/07/2004:	     71      64       5       6      11 426239
DAY 03/07/2004:	     60      58       1       6      26 331426
DAY 04/07/2004:	     59      42      14       9       4 245838
DAY 05/07/2004:	     50      47       0       6       8 291252
DAY 06/07/2004:	     66      54       6      34      24 838961
DAY 07/07/2004:	     92      89       0      20      25 686765
DAY 08/07/2004:	     27      20       6       4       5 159729
DAY 09/07/2004:	     44      37       5       4       5 255141
DAY 10/07/2004:	     58      44      12       7       4 234178
DAY 11/07/2004:	      5       4       1       1       3 33125
DAY 12/07/2004:	    100      80      17      10      17 519990
DAY 13/07/2004:	     66      46      19       5      12 309347
DAY 14/07/2004:	     22      14       5       1      15 202325
DAY 15/07/2004:	     39      35       2       2      18 177668
DAY 16/07/2004:	     66      29      20       5       8 208922
DAY 17/07/2004:	     23       7      16       4       2 65567
DAY 18/07/2004:	     26      26       0       3       5 185592
DAY 19/07/2004:	     66      56       6      16      15 408947
DAY 20/07/2004:	    103      77      21      35      21 971300
DAY 21/07/2004:	     68      64       0      13      11 394154
DAY 22/07/2004:	     28      24       2       4       6 180644
DAY 23/07/2004:	     27      21       5       2       5 154621
DAY 24/07/2004:	     39      36       2       2       5 197434
DAY 25/07/2004:	      1       0       0       0       1 205
DAY 26/07/2004:	     52      45       2       6      10 280127
DAY 27/07/2004:	     56      54       0       6      17 304059
DAY 28/07/2004:	     65      43      20       9      10 229537
DAY 29/07/2004:	      2       1       1       0       2 17187
DAY 30/07/2004:	     93      90       0      11       9 1073365
CUR 31/07/2004:	     19      14       5       1       1 105901
checksum	   1572    1284     193     241     312 9862770

# MONTHLY COUNTERS for the last 12 months
LASTMON: 07/2004
MON 01/2004:	      0       0       0       0       0 0
MON 02/2004:	      0       0       0       0       0 0
MON 03/2004:	   2749    1792     612    1133      28 23268960
MON 04/2004:	   4580    2161    2136     662      77 17454910
MON 05/2004:	    860     756      72     137     102 4059782
MON 06/2004:	   5168    4378     706     486    1387 36222584
MON 07/2003:	      0       0       0       0       0 0
MON 08/2003:	      0       0       0       0       0 0
MON 09/2003:	      0       0       0       0       0 0
MON 10/2003:	      0       0       0       0       0 0
MON 11/2003:	      0       0       0       0       0 0
MON 12/2003:	      0       0       0       0       0 0
checksum	  13357    9087    3526    2418    1594 81006240

