# WWW History 2.4
# DAILY COUNTERS for summary period 1-30 Sep 2007
DAY 01/09/2007:	    181     151       5      24      43 9891304
DAY 02/09/2007:	    173     131      12      20      30 10944276
DAY 03/09/2007:	    159     109      26      20      25 5769278
DAY 04/09/2007:	    241     203      16      26      30 5407849
DAY 05/09/2007:	    200     173      10      27      29 7524439
DAY 06/09/2007:	    250     213      15      42      34 11066469
DAY 07/09/2007:	    151     117       2      21      29 9498287
DAY 08/09/2007:	     89      69       3      10      24 10231563
DAY 09/09/2007:	    110      99       2      17      20 6954376
DAY 10/09/2007:	    217     185       8      38      54 7032804
DAY 11/09/2007:	    167     142       7      23      38 8437688
DAY 12/09/2007:	     99      67       1      19      15 10124959
DAY 13/09/2007:	    255     228       2      37      32 18349758
DAY 14/09/2007:	    234     206       5      40      35 17464220
DAY 15/09/2007:	    202     118      55      25      26 11307715
DAY 16/09/2007:	    131     108       0      24      20 11720687
DAY 17/09/2007:	    187     167       1      28      29 5729867
DAY 18/09/2007:	    229     190       1      28      46 11180810
DAY 19/09/2007:	    328     286       4      30      31 22796764
DAY 20/09/2007:	    257     202      19      22      21 24207718
DAY 21/09/2007:	    192     168       1      29      31 18396140
DAY 22/09/2007:	    118      98       6      19      27 11941738
DAY 23/09/2007:	    286     199      10      28      28 15776495
DAY 24/09/2007:	    316     292       7      31      52 12980673
DAY 25/09/2007:	    181     148       6      22      33 4653289
DAY 26/09/2007:	    158     108      30      24      28 6979807
DAY 27/09/2007:	    182     162       2      27      29 10754766
DAY 28/09/2007:	    194     142      22      29      29 8388363
DAY 29/09/2007:	    104      75       5      16      26 17891608
CUR 30/09/2007:	      8       7       0       1       1 2538879
checksum	   5599    4563     283     747     895 335943360

# MONTHLY COUNTERS for the last 12 months
LASTMON: 09/2007
MON 01/2007:	   3296    2242     223     611     695 227272928
MON 02/2007:	   2928    2096     108     487     516 187537792
MON 03/2007:	   5115    3397     260     745     834 267796512
MON 04/2007:	   7085    5508     314     938    1008 335933376
MON 05/2007:	   6045    4726     264     843    1103 340150176
MON 06/2007:	   6254    4563     519     892    1296 409996992
MON 07/2007:	   7212    5814     427    1003    1273 508835200
MON 08/2007:	   6518    5268     361     902    1071 338906240
MON 09/2006:	   5384    3970     655     806    1289 144089200
MON 10/2006:	   4552    3463     175     778     617 143016080
MON 11/2006:	   3922    3005     217     670     602 160107600
MON 12/2006:	   4368    3110     400     711     751 291001248
checksum	  62679   47162    3923    9386   11055 3354643104

