# WWW History 2.4
# DAILY COUNTERS for summary period 1-31 Dec 2008
DAY 01/12/2008:	    372     240      27      47      40 65532584
DAY 02/12/2008:	    220     181       1      28      21 24853708
DAY 03/12/2008:	    455     305     104      57      43 14897108
DAY 04/12/2008:	    329     265       9      41      35 60288028
DAY 05/12/2008:	    217     176       8      25      29 26566268
DAY 06/12/2008:	    216     186       2      42      38 13200260
DAY 07/12/2008:	    182     140      23      26      32 55682832
DAY 08/12/2008:	    256     183      23      52      41 26054814
DAY 09/12/2008:	    336     284      20      56      42 53842652
DAY 10/12/2008:	    211     170      15      47      41 11931736
DAY 11/12/2008:	    191     136      13      27      30 22353632
DAY 12/12/2008:	    227     193       8      34      35 36790256
DAY 13/12/2008:	    173     138      13      22      35 24372872
DAY 14/12/2008:	    252     193      17      37      47 28185828
DAY 15/12/2008:	    157     119      11      29      31 18286584
DAY 16/12/2008:	    185     140      11      31      38 25049592
DAY 17/12/2008:	    256     178      13      49      53 34458676
DAY 18/12/2008:	    350     298      14      55      31 9259383
DAY 19/12/2008:	    327     284       9      33      35 14726036
DAY 20/12/2008:	    178     125      27      28      26 12120457
DAY 21/12/2008:	    205     155       5      38      41 26196690
DAY 22/12/2008:	    197     134       5      28      35 37730176
DAY 23/12/2008:	    246     213       6      41      36 41881088
DAY 24/12/2008:	    193      86      29      20      24 7281976
DAY 25/12/2008:	     76      37      10      19      23 14897766
DAY 26/12/2008:	    236     185      23      28      29 19213038
DAY 27/12/2008:	    120      86      10      19      31 17698388
DAY 28/12/2008:	     83      66       4      15      19 18937834
DAY 29/12/2008:	    313     272      13      48      36 25649796
DAY 30/12/2008:	    237     177       4      29      57 37735252
CUR 31/12/2008:	      6       4       1       1       3 972658
checksum	   7002    5349     478    1052    1057 826636416

# MONTHLY COUNTERS for the last 12 months
LASTMON: 12/2008
MON 01/2008:	   7063    5721     351    1019    1068 265284272
MON 02/2008:	   8269    6079     486    1115    1587 298924032
MON 03/2008:	   7347    5771     435    1160    1477 294708128
MON 04/2008:	   7211    5179     372     967    1036 319414624
MON 05/2008:	   5578    3910     550     842     949 445832480
MON 06/2008:	   6708    5315     398    1280    1053 446930016
MON 07/2008:	  11574    8555    1024    1586    1873 495077632
MON 08/2008:	   9017    6883     663    1257    1309 1520023424
MON 09/2008:	  11297    6352     370     957    1189 773334144
MON 10/2008:	   8494    6319     514    1112    1192 660584576
MON 11/2008:	   7669    5667     565    1044    1083 974557120
MON 12/2007:	   6022    4950     337     830    1091 357889920
checksum	  96249   70701    6065   13169   14907 6852560256

