# WWW History 2.4
# DAILY COUNTERS for summary period 1-31 Jul 2007
DAY 01/07/2007:	    160     127       4      24      36 6112352
DAY 02/07/2007:	    265     197       7      56      38 7976133
DAY 03/07/2007:	    133      98      13      24      30 1844808
DAY 04/07/2007:	    281     196      65      42      33 4234517
DAY 05/07/2007:	    358     273      51      41      40 7582965
DAY 06/07/2007:	    228     192       9      30      43 19101484
DAY 07/07/2007:	    321     261      11      34      51 21279116
DAY 08/07/2007:	    195     153      24      28      33 6803263
DAY 09/07/2007:	    339     287      12      25      41 28008832
DAY 10/07/2007:	    357     271      51      30      38 24301560
DAY 11/07/2007:	    223     182      20      37      45 19436800
DAY 12/07/2007:	    215     178       5      38      56 21970360
DAY 13/07/2007:	    185     133      26      21      33 21554506
DAY 14/07/2007:	    141     119       3      24      68 35379568
DAY 15/07/2007:	    237     191      18      34      55 18070396
DAY 16/07/2007:	    253     209      18      38      42 12530864
DAY 17/07/2007:	    266     220       9      42      49 17088548
DAY 18/07/2007:	    198     172       5      22      61 23145944
DAY 19/07/2007:	    229     191       4      34      37 31735068
DAY 20/07/2007:	    300     252       8      33      38 24406530
DAY 21/07/2007:	    184     156       2      31      38 9525307
DAY 22/07/2007:	    152     125       8      20      34 5529448
DAY 23/07/2007:	    229     190       2      30      38 21196436
DAY 24/07/2007:	    180     142       4      29      36 15133911
DAY 25/07/2007:	    216     176       8      29      32 9027447
DAY 26/07/2007:	    152     128       2      35      40 5435806
DAY 27/07/2007:	    393     306      23      45      47 44837768
DAY 28/07/2007:	    216     178       9      31      31 16255304
DAY 29/07/2007:	    142     114       1      30      34 6734951
DAY 30/07/2007:	    170     149       0      21      32 7355251
CUR 31/07/2007:	     30      28       0       3       3 1331262
checksum	   6948    5594     422     961    1232 494927328

# MONTHLY COUNTERS for the last 12 months
LASTMON: 07/2007
MON 01/2007:	   3296    2242     223     611     695 227272928
MON 02/2007:	   2928    2096     108     487     516 187537792
MON 03/2007:	   5115    3397     260     745     834 267796512
MON 04/2007:	   7085    5508     314     938    1008 335933376
MON 05/2007:	   6045    4726     264     843    1103 340150176
MON 06/2007:	   6254    4563     519     892    1296 409996992
MON 07/2006:	   3432    2491     267     438     480 17567004
MON 08/2006:	   3701    2807     351     597     423 39267152
MON 09/2006:	   5384    3970     655     806    1289 144089200
MON 10/2006:	   4552    3463     175     778     617 143016080
MON 11/2006:	   3922    3005     217     670     602 160107600
MON 12/2006:	   4368    3110     400     711     751 291001248
checksum	  56082   41378    3753    8516    9614 2563736224

