# WWW History 2.4
# DAILY COUNTERS for summary period 1-31 Jul 2005
DAY 01/07/2005:	     86      83       0       9       7 459602
DAY 02/07/2005:	     52      36       0      13       8 335003
DAY 03/07/2005:	     75      70       0      12       8 347261
DAY 04/07/2005:	    167     158       0      20      26 939722
DAY 05/07/2005:	    109     107       0      12      26 536813
DAY 06/07/2005:	    162     132       0      12      17 727128
DAY 07/07/2005:	     60      46       0      14       9 384232
DAY 08/07/2005:	    134     121       2      18      31 714189
DAY 09/07/2005:	     54      44       0      26      18 497270
DAY 10/07/2005:	     57      52       1       8       9 237152
DAY 11/07/2005:	     93      82       0      14      11 524999
DAY 12/07/2005:	     80      61       0      25      22 372700
DAY 13/07/2005:	     89      82       0      12      10 446544
DAY 14/07/2005:	     69      58       0      15      11 436140
DAY 15/07/2005:	     33      18       6      18      11 309631
DAY 16/07/2005:	    114      83      18      15       9 618292
DAY 17/07/2005:	     62      49       0      13       5 426227
DAY 18/07/2005:	     55      48       0      30      20 375002
DAY 19/07/2005:	     95      89       0      14      13 428305
DAY 20/07/2005:	    123     107       0      33      19 770628
DAY 21/07/2005:	     62      34      26       9       7 291868
DAY 22/07/2005:	     67      59       0       6       4 295596
DAY 23/07/2005:	     17      11       0      11      11 25980
DAY 24/07/2005:	     79      72       0      23      16 635764
DAY 25/07/2005:	     56      52       0      15       8 235476
DAY 26/07/2005:	     90      80       5      15      30 381773
DAY 27/07/2005:	     78      74       2      11      12 372719
DAY 28/07/2005:	     99      86       0      10      10 452454
DAY 29/07/2005:	    176      61       0      18      18 339668
DAY 30/07/2005:	     30      28       0      10       9 126416
CUR 31/07/2005:	      0       0       0       0       0 0
checksum	   2523    2083      60     461     415 13044554

# MONTHLY COUNTERS for the last 12 months
LASTMON: 07/2005
MON 01/2005:	   3028    1489      29     718     242 21442044
MON 02/2005:	   7071    5147    1237     662     956 33868132
MON 03/2005:	   4791    3841     530     669     724 24065214
MON 04/2005:	   4425    3465     616     487    1469 37547208
MON 05/2005:	   2370    1912     122     426     411 14596330
MON 06/2005:	   2633    2072     139     651     358 20030014
MON 07/2004:	   1621    1330     193     257     324 10325291
MON 08/2004:	   1877    1550     156     420     306 11860578
MON 09/2004:	   4505    3441     574     875     591 29162940
MON 10/2004:	   2544    2079     155     578     295 19956848
MON 11/2004:	   1415    1140     141     299     195 9045687
MON 12/2004:	   3937    1748     101    1012     263 29484112
checksum	  40217   29214    3993    7054    6134 261384400

