# WWW History 2.4
# DAILY COUNTERS for summary period 1-30 Jun 2006
DAY 01/06/2006:	    199     155      26      44      22 2838908
DAY 02/06/2006:	    251     162      67      29      17 3784870
DAY 03/06/2006:	     90      67       5      16      13 374224
DAY 04/06/2006:	    103      88       7      25      16 432981
DAY 05/06/2006:	     96      61      26      22      11 1346694
DAY 06/06/2006:	     99      93       0      13      13 1277419
DAY 07/06/2006:	     49      28       2      10       7 118195
DAY 08/06/2006:	    150      72      33      19      21 443846
DAY 09/06/2006:	    201     165       7      23      19 902157
DAY 10/06/2006:	     77      56      10      15      22 297312
DAY 11/06/2006:	     64      25       6       9      14 160489
DAY 12/06/2006:	    114     101       1      20      16 509866
DAY 13/06/2006:	    103      95       0      17      16 505464
DAY 14/06/2006:	    101      88       0      14      15 452591
DAY 15/06/2006:	    276     208      10      45      25 2985127
DAY 16/06/2006:	     91      70      11      12      35 572746
DAY 17/06/2006:	     94      65      17      21      16 405839
DAY 18/06/2006:	     85      71       0      14      16 446320
DAY 19/06/2006:	     86      75       6      16      15 792102
DAY 20/06/2006:	    172     149       0      27      22 779536
DAY 21/06/2006:	     93      51       7      16      35 302025
DAY 22/06/2006:	    146     132       2      27      13 750334
DAY 23/06/2006:	    129     124       2      13      10 654319
DAY 24/06/2006:	     68      59       0      18      11 849086
DAY 25/06/2006:	     85      34      21      11      17 221168
DAY 26/06/2006:	    183     127       2      39      21 4575103
DAY 27/06/2006:	    125     115       0      25      17 1231912
DAY 28/06/2006:	    223     184      27      28      24 2911908
DAY 29/06/2006:	    111     103       0      24      15 493537
CUR 30/06/2006:	      3       3       0       3       1 2214
checksum	   3667    2826     295     615     515 31418492

# MONTHLY COUNTERS for the last 12 months
LASTMON: 06/2006
MON 01/2006:	   9615    5764    1974    1428     641 64985204
MON 02/2006:	   8815    5583    1546    1535     623 60695940
MON 03/2006:	   8359    5126    1852    1330     680 53741940
MON 04/2006:	   3692    2821     435     503     453 19391052
MON 05/2006:	   2966    2319     255     441     477 20278740
MON 06/2005:	   2633    2072     139     651     358 20030014
MON 07/2005:	   2665    2206      60     479     428 13854283
MON 08/2005:	  11864    8125    3205     711    1415 40472532
MON 09/2005:	   8139    5026    2440     672    1132 28169798
MON 10/2005:	  26105   12128   11866    2599    1207 135049984
MON 11/2005:	   8996    5579    2594    1182     616 92994896
MON 12/2005:	   5297    3114    1100     829     386 61236324
checksum	  99146   59863   27466   12360    8416 610900708

