# WWW History 2.4
# DAILY COUNTERS for summary period 1-30 Apr 2008
DAY 01/04/2008:	    268     219       3      34      33 34324804
DAY 02/04/2008:	    212     147      18      48      49 28923904
DAY 03/04/2008:	    197     150       9      28      34 23725724
DAY 04/04/2008:	    187     153       4      20      31 10780680
DAY 05/04/2008:	    169      92       3      21      32 954694
DAY 06/04/2008:	    201     179       2      22      24 2711239
DAY 07/04/2008:	    257     219      12      43      46 6511616
DAY 08/04/2008:	    165     139       3      30      27 4861234
DAY 09/04/2008:	    194     164       0      19      26 10963720
DAY 10/04/2008:	    149     109       8      20      42 8827444
DAY 11/04/2008:	    193      89      23      23      31 6864449
DAY 12/04/2008:	    291     194      30      28      30 50959116
DAY 13/04/2008:	    164      63       2      21      24 2774229
DAY 14/04/2008:	    351     318       5      54      45 8627777
DAY 15/04/2008:	    221     168      35      30      36 10457434
DAY 16/04/2008:	    814     246      13      37      50 27725146
DAY 17/04/2008:	    296     263       6      34      32 7511711
DAY 18/04/2008:	    169     146       5      31      41 1873220
DAY 19/04/2008:	    153     118       9      18      43 8258760
DAY 20/04/2008:	    172     148       5      23      28 5518490
DAY 21/04/2008:	    228     192       4      49      32 16125803
DAY 22/04/2008:	    265     221       4      68      39 10531530
DAY 23/04/2008:	    255     188      54      22      24 2810103
DAY 24/04/2008:	    322     251      28      34      36 4149263
DAY 25/04/2008:	    290     247      17      49      46 5913362
DAY 26/04/2008:	    258     144      16      37      33 3020650
DAY 27/04/2008:	    203     168       6      21      30 5677905
DAY 28/04/2008:	    173     150       6      21      26 1910081
DAY 29/04/2008:	    230     191       8      41      37 3302293
CUR 30/04/2008:	      8       5       2       6       1 805348
checksum	   7055    5081     340     932    1008 317400864

# MONTHLY COUNTERS for the last 12 months
LASTMON: 04/2008
MON 01/2008:	   7063    5721     351    1019    1068 265284272
MON 02/2008:	   8269    6079     486    1115    1587 298924032
MON 03/2008:	   7347    5771     435    1160    1477 294708128
MON 04/2007:	   7085    5508     314     938    1008 335933376
MON 05/2007:	   6045    4726     264     843    1103 340150176
MON 06/2007:	   6254    4563     519     892    1296 409996992
MON 07/2007:	   7212    5814     427    1003    1273 508835200
MON 08/2007:	   6518    5268     361     902    1071 338906240
MON 09/2007:	   5697    4641     289     759     915 341811648
MON 10/2007:	  10627    8184    1426    1090    2361 375619232
MON 11/2007:	   6858    5623     406     823    1561 361880640
MON 12/2007:	   6022    4950     337     830    1091 357889920
checksum	  84997   66848    5615   11374   15811 4229939840

