# WWW History 2.4
# DAILY COUNTERS for summary period 1-31 Aug 2005
DAY 01/08/2005:	    162     130       2      18      17 673933
DAY 02/08/2005:	     91      89       0      18      11 448478
DAY 03/08/2005:	    140     117      21      12      26 600180
DAY 04/08/2005:	     71      63       0      26      19 614821
DAY 05/08/2005:	    141     135       0      63       8 1696353
DAY 06/08/2005:	     59      55       0      11       9 441191
DAY 07/08/2005:	    176     111      27      37      16 1012071
DAY 08/08/2005:	     65      60       0       9      10 809259
DAY 09/08/2005:	     98      49      47      12      11 267777
DAY 10/08/2005:	     70      55       7      11      12 258245
DAY 11/08/2005:	    102      63      36       9       7 325798
DAY 12/08/2005:	    118      80      35      12       8 492312
DAY 13/08/2005:	     89      82       0      13      15 438164
DAY 14/08/2005:	     45      40       0      22      17 436246
DAY 15/08/2005:	    105      99       0      13       9 614168
DAY 16/08/2005:	    148      78      34      18      12 416148
DAY 17/08/2005:	    432     206      83      45      24 1278695
DAY 18/08/2005:	   2787    2033     690      87     285 8819606
DAY 19/08/2005:	   1505    1093     395      39     174 4614969
DAY 20/08/2005:	    544     317     212      23      65 1396963
DAY 21/08/2005:	    287     195      88      17      62 808387
DAY 22/08/2005:	    422     296     106      23      55 1535021
DAY 23/08/2005:	    321     172     116      19      34 888374
DAY 24/08/2005:	    202     147      49      24      34 922827
DAY 25/08/2005:	    306     270      33      22      51 1278294
DAY 26/08/2005:	    168     127      35      11      24 633169
DAY 27/08/2005:	     96      69      26       9      10 368706
DAY 28/08/2005:	    102      66      35       7      18 289272
DAY 29/08/2005:	    216     205       7      17      20 1119395
DAY 30/08/2005:	   2035    1234     763      45     241 5232757
CUR 31/08/2005:	    113      60      49       4       9 277910
checksum	  11216    7796    2896     696    1313 39010632

# MONTHLY COUNTERS for the last 12 months
LASTMON: 08/2005
MON 01/2005:	   3028    1489      29     718     242 21442044
MON 02/2005:	   7071    5147    1237     662     956 33868132
MON 03/2005:	   4791    3841     530     669     724 24065214
MON 04/2005:	   4425    3465     616     487    1469 37547208
MON 05/2005:	   2370    1912     122     426     411 14596330
MON 06/2005:	   2633    2072     139     651     358 20030014
MON 07/2005:	   2665    2206      60     479     428 13854283
MON 08/2004:	   1877    1550     156     420     306 11860578
MON 09/2004:	   4505    3441     574     875     591 29162940
MON 10/2004:	   2544    2079     155     578     295 19956848
MON 11/2004:	   1415    1140     141     299     195 9045687
MON 12/2004:	   3937    1748     101    1012     263 29484112
checksum	  41261   30090    3860    7276    6238 264913392

