# WWW History 2.4
# DAILY COUNTERS for summary period 1-30 Apr 2004
DAY 01/04/2004:	   1519     694     685     242       8 6384306
DAY 02/04/2004:	     43      42       0       4       3 295616
DAY 03/04/2004:	      1       0       0       0       1 201
DAY 04/04/2004:	      0       0       0       0       0 0
DAY 05/04/2004:	    286     149     131      55       4 1082973
DAY 06/04/2004:	    177      87      90      29       2 940523
DAY 07/04/2004:	      0       0       0       0       0 0
DAY 08/04/2004:	     74      66       0      15       5 220908
DAY 09/04/2004:	     96      74       2      10       3 511940
DAY 10/04/2004:	    215     178      31      47       6 1032319
DAY 11/04/2004:	     71      27      42       6       4 145822
DAY 12/04/2004:	    569     318     243      95       6 3443090
DAY 13/04/2004:	   1118     284     827     109       5 2111848
DAY 14/04/2004:	      7       2       5       2       0 12843
DAY 15/04/2004:	     60      56       3      11       3 300133
DAY 16/04/2004:	     21      20       0       2       1 95998
DAY 17/04/2004:	     20      20       0       2       1 95998
DAY 18/04/2004:	      3       2       0       0       2 220
DAY 19/04/2004:	     22       3      18       3       2 14182
DAY 20/04/2004:	      2       0       0       0       0 1330
DAY 21/04/2004:	      0       0       0       0       0 0
DAY 22/04/2004:	     86      20       0       2       2 112210
DAY 23/04/2004:	      2       2       0       2       1 12843
DAY 24/04/2004:	     42      35       5       5       4 181032
DAY 25/04/2004:	      2       0       0       0       1 490
DAY 26/04/2004:	     28       5      21       4       3 27291
DAY 27/04/2004:	      0       0       0       0       0 0
DAY 28/04/2004:	      3       0       0       0       1 428
DAY 29/04/2004:	     20      20       0       2       1 95998
CUR 30/04/2004:	      0       0       0       0       0 0
checksum	   4487    2104    2103     647      69 17120548

# MONTHLY COUNTERS for the last 12 months
LASTMON: 04/2004
MON 01/2004:	      0       0       0       0       0 0
MON 02/2004:	      0       0       0       0       0 0
MON 03/2004:	   2749    1792     612    1133      28 23268960
MON 04/2003:	      0       0       0       0       0 0
MON 05/2003:	      0       0       0       0       0 0
MON 06/2003:	      0       0       0       0       0 0
MON 07/2003:	      0       0       0       0       0 0
MON 08/2003:	      0       0       0       0       0 0
MON 09/2003:	      0       0       0       0       0 0
MON 10/2003:	      0       0       0       0       0 0
MON 11/2003:	      0       0       0       0       0 0
MON 12/2003:	      0       0       0       0       0 0
checksum	   2749    1792     612    1133      28 23268960

